文件路径:,C:\Users\23589\Desktop\物理实验竞赛\实验数据（黑胶带版）\case16_树莓派4B黑色哑光漆_半负载\data\HM20260727220108.csv
源热像文件:,C:\Users\23589\Desktop\物理实验竞赛\实验数据（黑胶带版）\case16_树莓派4B黑色哑光漆_半负载\photo\HM20260727220108.jpeg

测温单位,摄氏度
图像宽度,192
图像高度,256

全局
统计:,,平均值:,36.6
,,最小值:,28.1
,,最大值:,65.4

坐标Y\X,0,1,2,3,4,5,6,7,8,9,10,11,12,13,14,15,16,17,18,19,20,21,22,23,24,25,26,27,28,29,30,31,32,33,34,35,36,37,38,39,40,41,42,43,44,45,46,47,48,49,50,51,52,53,54,55,56,57,58,59,60,61,62,63,64,65,66,67,68,69,70,71,72,73,74,75,76,77,78,79,80,81,82,83,84,85,86,87,88,89,90,91,92,93,94,95,96,97,98,99,100,101,102,103,104,105,106,107,108,109,110,111,112,113,114,115,116,117,118,119,120,121,122,123,124,125,126,127,128,129,130,131,132,133,134,135,136,137,138,139,140,141,142,143,144,145,146,147,148,149,150,151,152,153,154,155,156,157,158,159,160,161,162,163,164,165,166,167,168,169,170,171,172,173,174,175,176,177,178,179,180,181,182,183,184,185,186,187,188,189,190,191
0,28.6,28.8,28.8,28.7,28.7,28.7,28.7,28.6,28.7,28.8,28.8,28.8,28.6,28.7,28.9,28.8,28.7,29.0,29.0,28.8,28.9,28.8,29.0,29.0,28.9,29.0,28.8,29.0,29.0,28.9,29.0,29.0,29.0,29.0,29.0,29.2,29.1,29.2,29.0,29.2,29.0,29.1,28.9,29.2,29.0,29.2,29.2,29.1,29.2,29.0,29.3,29.3,29.1,29.2,29.2,29.1,29.3,29.1,29.3,29.2,29.4,29.3,29.4,29.1,29.2,29.5,29.3,29.2,29.4,29.1,29.3,29.4,29.3,29.4,29.4,29.6,29.4,29.2,29.2,29.3,29.4,29.4,29.5,29.2,29.3,29.4,29.4,29.7,29.2,29.5,29.4,29.4,29.4,29.4,29.3,29.4,29.4,29.4,29.4,29.5,29.4,29.2,29.4,29.3,29.2,29.4,29.3,29.2,29.4,29.2,29.4,29.4,29.2,29.4,29.4,29.2,29.2,29.2,29.3,29.3,29.2,29.1,29.4,29.2,29.0,29.0,29.2,29.1,29.2,29.1,29.2,29.1,29.1,29.2,29.2,29.1,29.1,29.2,28.9,29.0,28.9,28.9,29.1,29.0,28.9,29.0,29.0,28.9,29.0,28.9,29.0,28.9,28.8,29.0,28.8,28.8,28.8,29.0,28.8,28.9,28.9,28.8,28.8,28.8,28.7,28.8,28.7,28.7,28.8,28.8,28.8,28.6,28.6,28.6,28.6,28.6,28.7,28.7,28.8,28.6,28.5,28.7,28.7,28.6,28.6,28.8,28.7,28.5,28.7,28.8,28.5,28.6
1,28.8,28.8,28.6,28.8,28.8,28.6,28.7,28.5,28.7,28.6,28.9,28.9,28.7,28.7,28.6,28.9,28.8,28.8,28.9,28.9,28.9,28.8,29.0,28.7,28.8,29.0,28.9,29.0,28.8,28.9,28.9,29.1,29.0,29.0,28.8,29.0,29.0,29.2,29.0,29.0,29.1,29.0,29.1,29.1,29.0,29.1,29.2,29.2,29.1,29.1,29.1,29.2,29.0,29.2,29.3,29.2,29.1,29.2,29.2,29.2,29.4,29.4,29.4,29.2,29.3,29.3,29.4,29.2,29.2,29.5,29.4,29.4,29.4,29.1,29.4,29.5,29.4,29.6,29.4,29.4,29.4,29.4,29.2,29.3,29.6,29.4,29.5,29.4,29.5,29.4,29.5,29.5,29.4,29.4,29.4,29.2,29.4,29.4,29.5,29.4,29.4,29.4,29.3,29.4,29.2,29.4,29.2,29.4,29.4,29.4,29.4,29.2,29.4,29.2,29.3,29.4,29.2,29.2,29.3,29.2,29.1,29.2,29.2,29.2,29.2,29.1,29.2,29.2,29.2,29.1,29.1,29.1,29.4,29.2,29.1,29.1,29.0,29.0,29.0,29.0,29.0,29.1,29.0,28.8,28.9,29.0,29.0,29.0,28.9,29.0,29.0,28.8,28.8,29.0,28.8,28.9,28.8,28.7,28.8,28.6,28.9,28.8,28.7,28.8,28.5,29.0,28.7,28.8,28.8,28.7,28.8,28.7,28.7,28.7,28.7,28.7,28.8,28.8,28.5,28.7,28.7,28.6,28.6,28.6,28.7,28.6,28.6,28.5,28.6,28.7,28.5,28.7
2,28.7,28.6,28.7,28.6,28.9,28.6,28.7,28.8,28.7,28.6,28.9,28.8,28.8,28.9,28.6,28.7,28.6,28.9,28.9,28.8,28.7,28.7,28.8,28.8,28.9,29.0,28.7,28.9,29.0,28.9,28.8,29.0,28.9,29.2,29.0,29.2,29.0,29.1,29.4,29.1,29.1,29.1,29.1,29.1,29.2,29.2,29.1,29.1,29.3,29.1,29.2,29.0,29.1,29.3,29.1,29.3,29.2,29.4,29.2,29.2,29.4,29.2,29.4,29.5,29.5,29.5,29.5,29.5,29.5,29.5,29.4,29.4,29.2,29.5,29.4,29.4,29.4,29.4,29.4,29.5,29.6,29.4,29.4,29.4,29.4,29.4,29.6,29.4,29.5,29.6,29.4,29.5,29.4,29.4,29.5,29.4,29.4,29.4,29.5,29.4,29.2,29.4,29.4,29.5,29.4,29.4,29.4,29.5,29.2,29.4,29.2,29.4,29.3,29.4,29.2,29.2,29.2,29.2,29.3,29.2,29.1,29.0,29.4,29.1,29.4,29.2,29.1,29.2,29.1,29.2,29.2,29.2,29.2,29.0,29.2,28.9,29.0,29.1,29.2,29.1,29.0,28.9,29.2,29.1,29.0,29.1,29.0,29.0,28.9,28.9,28.9,28.9,29.0,28.9,28.9,28.8,28.8,28.7,28.8,28.8,28.7,28.7,28.9,28.7,28.7,28.8,28.7,28.7,28.7,28.8,28.6,28.7,28.6,28.8,28.8,28.6,28.6,28.8,28.6,28.5,28.8,28.7,28.6,28.6,28.7,28.5,28.5,28.8,28.6,28.5,28.4,28.6
3,28.8,28.6,28.7,28.7,28.8,28.6,28.8,28.9,28.8,28.9,28.9,28.7,28.7,28.8,28.8,29.0,28.7,28.9,29.0,28.7,29.1,29.0,29.0,28.9,29.0,29.0,28.9,29.0,29.0,29.0,29.0,29.0,29.0,29.2,29.3,29.1,29.0,29.1,29.2,28.9,29.2,29.0,29.1,29.2,29.1,29.0,29.3,29.2,29.4,29.1,29.2,29.2,29.1,29.1,29.2,29.5,29.3,29.2,29.2,29.3,29.4,29.4,29.3,29.4,29.6,29.2,29.4,29.4,29.4,29.3,29.6,29.3,29.2,29.4,29.4,29.5,29.6,29.5,29.6,29.4,29.6,29.5,29.5,29.4,29.4,29.5,29.5,29.5,29.8,29.6,29.4,29.6,29.5,29.6,29.5,29.5,29.4,29.5,29.6,29.5,29.4,29.4,29.4,29.4,29.4,29.5,29.2,29.3,29.5,29.5,29.4,29.2,29.4,29.4,29.4,29.3,29.4,29.4,29.2,29.3,29.4,29.3,29.4,29.2,29.4,29.2,29.1,29.1,29.2,29.1,29.1,28.9,29.2,29.1,29.1,29.0,29.0,29.0,29.0,29.2,29.0,29.0,29.0,29.0,29.1,29.0,29.1,28.9,29.0,28.9,29.0,28.9,29.1,28.8,28.8,29.0,28.8,28.8,28.8,28.8,28.8,28.9,28.7,28.8,28.8,28.9,28.8,28.8,28.7,28.7,28.7,28.7,28.9,28.7,28.7,28.8,28.8,28.6,28.8,28.7,28.8,28.7,28.8,28.6,28.6,28.7,28.6,28.8,28.6,28.6,28.6,28.7
4,28.8,28.7,28.7,28.7,28.7,28.9,28.7,28.7,28.5,28.7,28.9,28.7,28.6,28.9,28.8,28.9,28.8,28.7,29.0,28.8,29.0,28.9,29.0,29.0,29.0,29.0,28.9,29.0,29.0,29.0,29.1,29.0,29.2,29.0,29.1,29.1,29.0,29.1,29.0,29.2,29.3,29.2,29.4,29.2,29.2,29.2,29.2,29.2,29.2,29.2,29.4,29.2,29.2,29.2,29.2,29.3,29.3,29.4,29.2,29.3,29.5,29.5,29.4,29.4,29.4,29.4,29.4,29.4,29.4,29.5,29.6,29.6,29.3,29.5,29.5,29.7,29.6,29.4,29.6,29.5,29.6,29.4,29.6,29.5,29.6,29.4,29.5,29.6,29.6,29.5,29.6,29.5,29.5,29.6,29.4,29.5,29.5,29.7,29.6,29.5,29.4,29.4,29.5,29.3,29.4,29.4,29.6,29.4,29.5,29.5,29.5,29.4,29.4,29.3,29.6,29.5,29.4,29.3,29.4,29.3,29.1,29.3,29.2,29.2,29.3,29.2,29.2,29.1,29.2,29.2,29.2,29.1,29.1,29.2,29.1,29.1,29.1,29.0,29.2,29.1,29.0,28.9,28.9,28.9,28.8,29.0,29.0,29.2,28.9,28.8,28.9,28.8,28.8,28.9,29.0,28.9,28.9,28.9,28.8,28.8,28.8,28.8,28.8,28.7,28.8,28.7,28.7,28.6,28.7,28.8,28.8,28.7,28.8,28.8,28.8,28.5,28.8,28.8,28.6,28.8,28.5,28.8,28.6,28.6,28.7,28.5,28.6,28.5,28.6,28.7,28.7,28.6
5,28.6,28.6,28.5,28.6,28.6,28.7,28.8,28.8,28.6,28.6,28.7,28.6,28.6,28.8,28.9,28.8,28.7,28.7,28.9,28.9,28.8,28.7,28.8,28.7,28.9,28.9,28.9,29.0,29.0,29.0,29.0,29.0,29.1,29.1,29.1,29.2,29.0,29.2,29.2,29.1,29.1,29.1,29.1,29.1,29.1,29.2,29.2,29.3,29.2,29.0,29.3,29.3,29.1,29.3,29.4,29.2,29.3,29.3,29.3,29.4,29.2,29.5,29.5,29.4,29.5,29.4,29.4,29.4,29.4,29.5,29.5,29.4,29.5,29.5,29.5,29.6,29.5,29.5,29.5,29.6,29.6,29.4,29.5,29.5,29.6,29.6,29.5,29.7,29.7,29.7,29.5,29.5,29.6,29.5,29.4,29.5,29.5,29.6,29.4,29.7,29.6,29.5,29.6,29.4,29.5,29.5,29.5,29.6,29.4,29.2,29.4,29.4,29.4,29.4,29.3,29.4,29.3,29.3,29.2,29.3,29.5,29.3,29.4,29.2,29.4,29.4,29.2,29.1,29.2,29.2,29.3,29.1,29.2,29.1,29.3,29.0,29.3,29.2,29.1,29.2,29.1,29.0,29.2,29.0,28.8,29.0,29.0,29.1,28.8,28.8,29.0,28.8,29.0,28.9,28.8,28.9,29.0,28.8,28.7,28.9,28.7,28.8,28.9,28.7,28.7,28.9,28.7,28.8,28.6,28.6,28.6,28.8,28.6,28.8,28.9,28.7,28.8,28.6,28.7,28.6,28.6,28.8,28.6,28.6,28.6,28.6,28.5,28.5,28.6,28.6,28.5,28.6
6,28.7,28.7,28.9,28.6,28.8,28.7,28.7,28.9,28.8,28.8,28.9,28.8,28.9,28.8,28.8,28.8,28.8,28.8,28.9,28.8,29.0,28.9,29.1,29.0,29.0,28.8,29.0,28.8,29.2,28.9,29.1,29.1,28.9,29.1,29.1,29.2,29.1,29.3,29.3,29.2,29.1,29.3,29.2,29.3,29.2,29.4,29.4,29.2,29.2,29.4,29.2,29.5,29.4,29.4,29.4,29.5,29.4,29.4,29.4,29.3,29.4,29.4,29.4,29.6,29.5,29.4,29.5,29.6,29.4,29.6,29.5,29.5,29.5,29.5,29.5,29.6,29.5,29.4,29.6,29.8,29.6,29.6,29.5,29.6,29.6,29.4,29.8,29.7,29.8,29.8,29.6,29.6,29.5,29.5,29.6,29.6,29.6,29.6,29.6,29.4,29.6,29.6,29.6,29.7,29.5,29.5,29.6,29.5,29.4,29.4,29.5,29.4,29.6,29.6,29.3,29.4,29.5,29.4,29.2,29.5,29.4,29.5,29.5,29.5,29.3,29.2,29.3,29.3,29.1,29.3,29.4,29.2,29.2,29.1,29.1,29.3,29.2,29.1,29.2,29.3,29.1,29.1,29.1,29.0,29.2,29.1,29.0,29.0,28.9,29.0,28.8,29.0,28.9,28.9,29.0,28.6,28.8,28.9,28.8,28.9,28.8,28.9,28.8,28.8,28.8,28.7,28.8,28.6,28.7,28.8,28.7,28.8,28.6,28.8,28.7,28.5,28.8,28.7,28.6,28.8,28.7,28.6,28.8,28.6,28.6,28.6,28.6,28.6,28.7,28.6,28.6,28.5
7,28.7,28.5,28.8,28.6,28.8,28.9,28.8,28.8,28.9,28.8,28.8,28.6,28.7,28.9,28.8,28.8,28.8,28.8,28.9,28.8,28.9,28.8,28.9,28.9,29.0,28.9,28.9,29.0,29.0,29.0,29.0,29.1,29.1,29.2,29.1,29.3,29.1,29.2,29.3,29.2,29.1,29.2,29.1,29.4,29.2,29.5,29.1,29.2,29.0,29.2,29.3,29.4,29.3,29.4,29.4,29.4,29.2,29.3,29.4,29.5,29.4,29.4,29.2,29.4,29.5,29.4,29.4,29.6,29.5,29.5,29.5,29.5,29.5,29.5,29.7,29.5,29.6,29.6,29.7,29.7,29.8,29.6,29.5,29.7,29.7,29.5,29.6,29.6,29.8,29.7,29.7,29.7,29.8,29.8,29.6,29.8,29.5,29.6,29.7,29.6,29.4,29.7,29.5,29.4,29.5,29.5,29.7,29.6,29.5,29.4,29.5,29.6,29.6,29.5,29.6,29.5,29.6,29.5,29.4,29.5,29.6,29.4,29.4,29.5,29.3,29.3,29.3,29.2,29.2,29.3,29.1,29.2,29.2,29.1,29.1,29.2,29.2,29.2,29.0,29.1,29.1,29.1,29.2,29.0,28.8,29.1,29.1,28.8,28.8,28.8,29.0,29.0,28.9,28.9,28.9,29.0,28.9,28.9,28.9,28.9,28.7,28.8,28.8,28.7,29.0,28.9,28.8,28.8,28.8,28.7,28.8,28.8,28.6,28.8,28.7,28.8,28.7,28.7,28.6,28.6,28.8,28.7,28.7,28.7,28.6,28.7,28.7,28.7,28.7,28.8,28.5,28.6
8,28.8,28.8,28.6,28.6,28.8,28.7,28.9,28.8,28.7,28.8,28.8,28.8,28.6,28.9,28.8,28.8,28.8,28.8,29.0,28.6,28.9,28.9,29.0,28.8,28.9,28.9,29.1,29.0,28.9,29.2,28.9,28.9,29.2,29.2,29.1,29.1,29.2,29.2,29.0,29.1,29.3,29.2,29.2,29.3,29.3,29.2,29.3,29.2,29.3,29.5,29.4,29.4,29.4,29.5,29.1,29.2,29.2,29.4,29.4,29.4,29.5,29.4,29.3,29.5,29.5,29.6,29.6,29.6,29.6,29.5,29.6,29.6,29.7,29.5,29.7,29.7,29.5,29.7,29.6,29.6,29.6,29.6,29.6,29.7,29.8,29.7,29.8,29.6,29.6,29.6,29.6,29.8,29.8,29.8,29.6,29.7,29.7,29.7,29.7,29.7,29.7,29.7,29.7,29.7,29.6,29.6,29.6,29.6,29.6,29.7,29.7,29.6,29.6,29.4,29.4,29.5,29.6,29.5,29.4,29.4,29.4,29.5,29.4,29.4,29.4,29.3,29.4,29.4,29.4,29.2,29.2,29.2,29.2,29.2,29.3,29.2,29.3,29.1,29.2,29.3,29.1,29.1,29.3,29.0,29.0,29.3,29.1,29.1,29.0,29.0,29.0,28.9,29.0,29.1,29.0,28.9,28.8,28.9,29.0,28.8,29.0,28.9,28.8,29.0,28.8,28.9,28.6,28.7,28.8,28.8,28.8,28.8,28.8,28.9,28.6,28.8,28.8,28.9,28.7,28.6,28.7,28.8,28.7,28.6,28.8,28.8,28.6,28.6,28.6,28.6,28.6,28.8
9,28.7,28.6,28.9,28.9,28.7,28.8,28.8,29.0,28.8,28.8,29.0,28.8,28.8,29.0,28.9,28.9,28.8,28.9,28.8,28.8,29.0,29.0,29.0,29.0,29.0,29.0,29.0,29.0,29.2,29.1,29.0,29.1,29.1,29.2,29.1,29.2,29.1,29.2,29.3,29.1,29.3,29.2,29.1,29.2,29.3,29.4,29.2,29.2,29.3,29.4,29.4,29.5,29.5,29.5,29.4,29.4,29.4,29.4,29.4,29.7,29.5,29.5,29.6,29.6,29.7,29.6,29.6,29.7,29.6,29.7,29.7,29.7,29.7,29.8,29.8,29.6,29.8,29.6,29.8,29.7,29.8,29.8,29.7,29.7,29.6,29.8,29.7,29.8,29.8,29.8,29.7,29.8,29.8,29.7,29.6,29.7,29.8,29.8,29.8,29.7,29.7,29.7,29.8,29.8,29.7,29.7,29.6,29.6,29.7,29.6,29.6,29.7,29.5,29.6,29.7,29.6,29.8,29.5,29.7,29.5,29.5,29.3,29.4,29.5,29.5,29.4,29.5,29.4,29.4,29.4,29.2,29.4,29.2,29.2,29.2,29.2,29.3,29.1,29.2,29.1,29.0,29.0,29.1,29.1,29.2,29.0,29.0,29.0,28.9,29.0,29.0,28.9,28.9,29.0,28.8,28.7,28.9,28.9,28.9,29.0,28.8,29.0,28.8,28.6,28.7,28.9,28.7,28.9,28.8,28.8,28.9,28.7,28.7,28.7,28.6,28.8,28.8,28.8,28.6,28.7,28.6,28.7,28.8,28.6,28.6,28.6,28.7,28.6,28.5,28.6,28.5,28.6
10,28.7,28.7,28.6,28.8,28.8,28.8,28.8,28.8,28.7,28.9,28.8,28.8,28.8,28.9,29.0,28.8,28.9,29.0,29.0,29.0,29.0,29.0,28.9,28.9,29.1,28.8,29.1,29.0,29.1,29.1,29.1,29.1,29.1,29.4,29.2,29.2,29.1,29.3,29.2,29.1,29.4,29.4,29.2,29.1,29.4,29.5,29.4,29.3,29.4,29.4,29.5,29.5,29.6,29.5,29.4,29.5,29.4,29.6,29.4,29.4,29.7,29.7,29.5,29.6,29.6,29.8,29.6,29.7,29.8,29.7,29.5,29.8,29.8,29.8,29.9,29.8,29.7,29.8,29.8,29.8,29.9,29.8,29.8,29.8,29.9,29.8,29.7,29.8,29.8,29.7,29.8,29.8,29.9,29.9,29.8,29.8,29.7,29.9,29.7,29.7,29.7,29.7,29.9,29.8,29.7,29.8,29.8,29.8,29.7,29.6,29.6,29.7,29.7,29.6,29.5,29.5,29.5,29.6,29.7,29.6,29.7,29.7,29.5,29.4,29.6,29.3,29.5,29.5,29.4,29.5,29.5,29.5,29.2,29.5,29.3,29.4,29.0,29.3,29.3,29.2,29.4,29.2,29.2,29.1,29.1,29.0,29.1,29.1,29.1,28.9,29.0,29.0,29.0,29.0,29.0,28.9,29.0,28.9,28.8,29.0,29.0,28.8,28.9,29.0,28.7,28.9,28.8,28.8,28.7,28.8,28.7,28.7,28.8,28.5,28.6,28.8,28.8,28.7,28.6,28.6,28.7,28.7,28.8,28.7,28.6,28.6,28.7,28.6,28.7,28.7,28.6,28.7
11,28.8,28.8,28.8,28.8,28.8,28.8,28.6,28.9,28.8,28.8,28.8,28.8,28.9,28.8,28.8,29.0,29.0,29.0,29.0,29.0,29.0,29.0,29.0,29.0,29.0,29.1,29.1,29.1,29.2,29.0,29.1,29.1,29.1,29.3,29.2,29.3,29.2,29.2,29.2,29.2,29.4,29.4,29.4,29.4,29.4,29.5,29.5,29.4,29.6,29.5,29.6,29.3,29.6,29.6,29.6,29.6,29.6,29.6,29.5,29.6,29.7,29.8,29.6,29.8,29.8,29.8,29.6,29.8,29.9,29.8,29.8,29.8,29.8,29.7,29.8,29.8,29.8,29.8,29.8,29.8,29.9,29.8,29.9,29.9,29.9,29.9,29.9,30.1,30.0,29.8,29.8,29.9,30.0,29.8,30.0,29.9,29.8,30.0,29.8,29.8,29.8,29.8,30.0,30.0,29.7,30.0,29.8,29.6,29.7,29.7,29.8,29.7,29.7,29.7,29.5,29.9,29.6,29.7,29.6,29.6,29.7,29.6,29.6,29.6,29.6,29.5,29.5,29.6,29.4,29.6,29.4,29.4,29.4,29.4,29.4,29.4,29.4,29.3,29.2,29.4,29.2,29.2,29.3,28.9,29.1,29.2,29.1,29.1,29.0,29.0,28.9,28.8,29.1,29.1,29.0,28.8,28.9,29.0,29.0,28.9,28.8,28.9,28.9,29.0,28.8,28.8,29.0,28.8,28.7,28.9,28.8,28.8,28.8,28.8,28.8,28.7,28.9,28.8,28.8,28.6,28.8,28.7,28.8,28.6,28.6,28.7,28.6,28.5,28.5,28.7,28.6,28.6
12,28.9,28.8,28.8,28.7,28.8,28.7,28.9,28.8,28.8,28.9,29.0,28.8,28.8,29.0,28.8,29.0,28.9,29.0,29.0,28.7,29.2,29.1,29.1,29.0,29.0,29.2,29.2,29.2,29.1,29.4,29.1,29.2,29.2,29.4,29.3,29.4,29.2,29.2,29.4,29.3,29.4,29.4,29.4,29.4,29.2,29.4,29.5,29.4,29.5,29.5,29.5,29.6,29.6,29.5,29.6,29.5,29.6,29.5,29.6,29.7,29.7,29.6,29.9,29.7,29.9,29.8,29.7,29.7,30.0,30.0,29.8,29.7,29.8,29.9,30.0,29.9,29.9,30.0,30.0,29.9,29.8,29.9,29.8,29.9,30.0,30.0,29.9,29.9,29.9,30.0,29.9,30.0,30.1,30.2,30.0,30.0,30.0,30.0,30.0,29.9,30.0,30.0,29.9,29.9,30.0,29.9,30.0,29.8,29.8,29.9,29.9,29.6,29.9,29.8,29.7,29.8,29.8,29.8,29.8,29.6,29.6,29.7,29.7,29.6,29.6,29.5,29.5,29.7,29.4,29.5,29.5,29.6,29.4,29.5,29.6,29.4,29.2,29.4,29.4,29.4,29.2,29.2,29.2,29.1,29.2,29.2,29.0,29.1,29.0,29.2,29.1,29.0,29.1,29.1,29.1,29.2,29.1,28.9,28.9,28.8,28.8,28.8,28.8,28.8,28.8,28.7,29.0,28.7,28.9,28.8,29.0,28.9,28.7,28.7,28.7,28.8,28.8,28.7,28.7,28.9,28.7,28.6,28.8,28.7,28.7,28.7,28.8,28.7,28.8,28.6,28.6,28.6
13,28.9,28.8,28.9,28.8,28.6,28.8,29.0,28.8,28.7,29.0,28.9,29.0,28.8,29.0,28.9,29.0,28.9,29.0,29.2,29.0,29.0,29.1,29.0,29.2,29.0,29.1,28.9,29.2,29.2,29.1,29.4,29.2,29.4,29.1,29.4,29.3,29.4,29.4,29.4,29.4,29.4,29.4,29.3,29.4,29.6,29.6,29.6,29.4,29.5,29.6,29.6,29.7,29.5,29.5,29.5,29.7,29.8,29.7,29.7,29.6,29.8,29.7,29.8,29.8,29.8,29.9,29.9,29.9,29.9,30.0,29.9,29.9,29.9,29.8,30.1,30.0,30.0,29.9,30.1,30.0,30.1,30.1,30.0,30.1,30.2,30.0,30.2,30.2,30.1,30.0,30.0,30.2,30.1,30.0,30.1,30.1,30.1,30.0,30.1,29.9,30.1,30.0,30.0,29.9,29.9,30.1,29.8,29.9,30.0,29.7,29.8,29.8,29.8,29.8,29.8,29.7,29.8,29.7,29.7,29.7,29.6,29.8,29.7,29.6,29.7,29.6,29.5,29.7,29.5,29.7,29.5,29.5,29.4,29.4,29.4,29.6,29.4,29.5,29.4,29.3,29.5,29.4,29.3,29.0,29.2,29.2,29.2,29.1,29.2,29.2,29.1,29.1,29.0,29.2,29.1,29.1,29.0,29.0,28.8,28.9,28.8,28.8,28.9,28.9,28.7,28.8,28.7,28.8,29.0,28.8,28.9,28.7,28.7,28.8,28.9,28.8,28.8,28.8,28.6,28.7,28.6,28.5,28.8,28.7,28.9,28.8,28.8,28.7,28.7,28.8,28.6,28.7
14,29.0,28.8,28.7,28.8,29.0,28.9,28.8,29.0,28.9,29.0,28.8,29.0,28.8,28.9,29.0,28.8,28.8,28.9,29.1,29.1,29.2,29.1,29.0,29.0,29.0,29.0,29.2,29.2,29.4,29.1,29.2,29.2,29.3,29.4,29.4,29.2,29.2,29.5,29.4,29.2,29.5,29.4,29.5,29.6,29.6,29.6,29.5,29.5,29.6,29.7,29.6,29.5,29.6,29.7,29.6,29.8,29.7,29.7,29.9,29.6,29.8,29.7,29.8,29.8,29.9,30.0,29.8,30.0,29.9,30.0,29.9,30.0,30.0,29.9,30.1,30.0,30.0,30.1,30.0,30.1,30.0,30.0,30.0,30.1,30.0,30.1,30.1,30.0,30.2,30.0,30.1,30.0,30.2,30.2,30.2,30.0,30.2,30.2,30.1,30.0,30.0,29.9,30.0,30.0,30.1,29.9,29.9,30.1,29.8,30.0,30.1,29.9,29.8,29.9,29.8,29.8,29.7,29.8,29.8,29.8,29.8,29.6,29.8,29.6,29.6,29.6,29.6,29.8,29.6,29.6,29.7,29.5,29.2,29.5,29.5,29.4,29.3,29.4,29.5,29.4,29.2,29.2,29.3,29.2,29.2,29.3,29.2,29.2,29.2,29.2,29.1,29.0,29.0,29.2,28.9,29.1,29.0,29.1,28.9,29.0,29.0,29.0,28.8,28.9,28.9,28.8,29.0,28.9,28.8,28.8,28.9,28.6,28.6,28.9,29.0,28.7,28.6,28.7,28.7,28.6,28.7,28.9,28.7,28.8,28.6,28.7,28.8,28.8,28.6,28.6,28.6,28.6
15,28.8,28.9,28.9,28.6,28.9,28.8,28.8,28.9,29.0,28.8,29.0,29.0,28.9,29.1,29.0,29.0,29.2,29.0,29.1,29.1,29.2,29.2,29.2,29.2,29.1,29.1,29.2,29.3,29.4,29.5,29.4,29.3,29.4,29.4,29.2,29.4,29.2,29.5,29.5,29.4,29.6,29.5,29.7,29.6,29.5,29.6,29.6,29.4,29.6,29.7,29.6,29.6,29.8,30.0,29.7,29.8,29.8,29.7,29.9,29.7,30.0,30.0,30.0,29.8,30.1,29.9,30.1,30.0,30.1,30.2,30.2,30.0,30.3,30.1,30.0,30.2,30.2,30.0,30.2,30.2,30.3,30.3,30.2,30.2,30.4,30.3,30.4,30.3,30.3,30.3,30.4,30.3,30.4,30.3,30.3,30.3,30.2,30.2,30.3,30.1,30.3,30.2,30.2,30.0,30.1,30.1,30.2,30.2,30.0,30.0,30.0,30.0,30.1,29.9,30.0,29.9,29.9,29.9,29.7,29.8,29.8,29.8,29.8,29.6,29.6,29.7,29.6,29.7,29.6,29.6,29.4,29.6,29.6,29.6,29.6,29.5,29.4,29.4,29.3,29.5,29.4,29.4,29.3,29.2,29.2,29.2,29.2,29.2,29.1,29.2,29.0,29.0,29.0,29.1,29.0,29.0,29.0,29.1,29.1,28.9,29.0,28.9,29.0,28.9,28.9,28.8,28.8,28.8,29.0,28.8,28.7,29.0,29.0,28.7,28.8,28.8,28.8,28.7,28.7,28.8,28.9,28.8,28.7,28.6,28.6,28.7,28.7,28.8,28.8,28.8,28.7,28.7
16,28.9,28.9,28.9,28.9,28.9,28.9,29.1,28.9,29.0,28.9,29.0,29.0,28.9,28.9,29.2,29.0,29.0,29.0,29.1,29.0,29.1,29.1,29.2,29.1,29.2,29.2,29.2,29.1,29.2,29.2,29.4,29.4,29.4,29.5,29.2,29.4,29.4,29.5,29.6,29.6,29.6,29.6,29.6,29.6,29.7,29.6,29.7,29.7,29.8,29.7,29.8,29.7,29.8,29.8,29.9,29.9,29.9,29.9,29.9,29.9,30.0,29.9,30.0,29.9,30.0,30.1,30.0,30.0,30.2,30.1,30.0,30.2,30.2,30.2,30.4,30.3,30.2,30.5,30.5,30.4,30.4,30.3,30.3,30.4,30.3,30.4,30.4,30.3,30.4,30.4,30.4,30.4,30.5,30.3,30.4,30.3,30.5,30.7,30.5,30.4,30.3,30.3,30.3,30.3,30.1,30.3,30.2,30.2,30.1,30.0,30.2,30.3,30.3,30.0,30.0,29.9,30.0,30.1,29.8,29.8,29.8,29.8,29.8,29.8,29.8,29.8,29.7,29.8,29.6,29.6,29.6,29.5,29.5,29.6,29.6,29.6,29.6,29.6,29.4,29.4,29.5,29.4,29.4,29.3,29.4,29.2,29.2,29.4,29.1,29.2,29.2,29.1,29.1,29.0,29.2,29.2,29.0,29.2,28.9,28.9,29.0,28.9,28.9,29.0,28.9,29.0,28.8,28.9,28.9,28.9,28.8,28.9,28.9,28.8,28.8,28.8,28.8,28.7,28.8,28.9,28.8,28.8,28.8,28.7,28.8,28.9,28.8,28.7,28.8,28.7,28.7,28.6
17,28.8,28.8,28.8,28.8,29.0,28.8,28.9,29.0,29.0,29.0,28.9,28.9,28.9,29.2,29.1,29.0,28.9,29.1,29.2,29.2,29.1,29.3,29.2,29.3,29.1,29.2,29.2,29.4,29.4,29.1,29.4,29.3,29.4,29.5,29.4,29.4,29.5,29.4,29.3,29.4,29.7,29.5,29.6,29.7,29.5,29.8,29.8,29.9,29.8,29.7,29.8,29.7,29.7,29.8,29.7,30.0,29.8,29.8,30.0,30.0,30.0,30.1,29.9,30.2,30.0,30.0,30.1,30.2,30.2,30.1,30.2,30.4,30.2,30.2,30.2,30.2,30.1,30.3,30.3,30.3,30.3,30.3,30.4,30.3,30.4,30.5,30.4,30.5,30.6,30.5,30.4,30.4,30.6,30.6,30.5,30.5,30.4,30.6,30.3,30.4,30.2,30.4,30.3,30.4,30.3,30.0,30.2,30.2,30.1,30.2,30.1,30.0,30.1,30.0,30.1,30.1,30.0,30.1,29.8,29.9,29.8,30.0,29.9,29.8,29.9,29.7,29.8,29.6,29.7,29.7,29.7,29.5,29.7,29.6,29.4,29.5,29.7,29.6,29.2,29.6,29.4,29.4,29.4,29.3,29.1,29.0,29.3,29.3,29.0,29.1,29.2,29.0,29.1,29.0,29.0,29.0,29.1,29.0,28.9,29.0,28.9,29.0,29.1,28.9,28.9,28.7,28.9,28.9,28.8,29.0,28.9,28.6,28.9,28.9,28.8,28.8,28.8,28.8,28.8,28.9,28.8,28.8,28.8,28.8,28.8,28.7,28.6,28.8,28.6,28.7,28.6,28.8
18,29.0,29.0,29.0,28.8,28.8,28.9,28.8,28.8,28.8,29.0,28.9,29.0,29.0,29.0,29.0,29.1,29.0,29.0,29.1,29.1,29.1,29.0,29.1,29.1,29.2,29.3,29.3,29.4,29.4,29.2,29.4,29.4,29.4,29.4,29.5,29.7,29.6,29.6,29.6,29.6,29.6,29.6,29.5,29.7,29.6,29.8,29.8,29.7,29.7,29.8,29.9,29.9,29.8,29.8,29.9,29.9,30.0,30.0,30.0,30.0,30.0,30.1,30.2,30.2,30.1,30.2,30.2,30.3,30.3,30.3,30.3,30.3,30.5,30.3,30.4,30.5,30.4,30.6,30.3,30.5,30.5,30.6,30.6,30.5,30.7,30.6,30.6,30.7,30.6,30.6,30.6,30.7,30.7,30.7,30.8,30.8,30.7,30.5,30.6,30.6,30.6,30.5,30.5,30.5,30.5,30.3,30.2,30.4,30.2,30.3,30.2,30.2,30.2,30.2,30.2,30.0,30.0,30.1,30.0,30.0,30.0,29.9,30.0,29.9,29.9,29.7,29.9,29.9,29.6,29.8,29.6,29.8,29.8,29.6,29.6,29.6,29.6,29.4,29.6,29.5,29.4,29.3,29.3,29.4,29.4,29.4,29.4,29.4,29.4,29.2,29.1,29.1,29.2,29.1,29.2,29.1,29.0,29.2,29.2,29.2,29.1,29.2,28.8,29.0,29.1,29.0,29.0,28.8,28.9,28.9,28.9,28.9,28.8,28.6,28.9,28.8,28.9,28.8,28.8,28.7,28.7,28.8,28.7,28.8,28.7,28.7,28.9,28.6,28.8,28.6,28.6,28.8
19,28.9,29.0,28.9,29.0,28.8,28.9,28.9,29.0,29.0,29.0,29.0,28.8,29.0,29.2,29.3,29.0,29.1,29.2,29.2,29.2,29.2,29.3,29.2,29.3,29.3,29.2,29.3,29.2,29.4,29.4,29.5,29.3,29.6,29.7,29.6,29.5,29.6,29.6,29.6,29.7,29.8,29.8,29.7,29.8,29.8,29.8,29.9,29.8,30.0,29.9,30.2,29.9,30.1,30.1,30.0,29.9,30.0,30.2,30.2,30.0,30.3,30.4,30.3,30.3,30.2,30.2,30.5,30.3,30.3,30.2,30.5,30.8,30.6,30.5,30.7,30.8,30.8,30.7,30.8,30.7,30.8,30.9,30.9,30.9,30.9,30.9,31.0,31.1,30.9,30.9,30.9,30.9,30.8,30.8,30.8,30.8,30.7,30.9,30.8,30.7,30.7,30.7,30.7,30.6,30.7,30.5,30.5,30.4,30.5,30.5,30.5,30.4,30.5,30.3,30.4,30.2,30.3,30.2,30.2,30.2,30.1,30.3,30.0,30.0,30.2,30.0,30.1,30.0,29.9,29.8,29.8,29.9,29.6,29.8,29.7,29.7,29.7,29.7,29.6,29.6,29.6,29.6,29.6,29.4,29.5,29.4,29.4,29.4,29.3,29.4,29.2,29.5,29.3,29.2,29.2,29.1,29.2,29.3,29.0,29.0,29.0,29.0,29.0,29.0,29.0,28.9,29.0,28.9,29.0,28.8,29.1,29.0,29.0,28.9,28.9,28.9,28.9,28.9,28.9,28.9,28.8,29.0,28.8,28.8,29.0,28.8,28.7,28.8,28.7,29.0,28.6,28.6
20,28.9,28.9,28.9,28.8,28.9,28.9,29.1,29.0,28.8,28.9,29.2,28.9,29.1,29.1,29.1,29.1,29.2,29.2,29.0,29.1,29.2,29.2,29.3,29.2,29.4,29.2,29.5,29.4,29.2,29.5,29.6,29.5,29.4,29.6,29.7,29.6,29.6,29.4,29.6,29.5,29.6,29.7,29.8,29.7,29.8,30.0,30.0,29.8,29.9,30.0,29.9,29.9,30.2,30.0,30.0,30.0,30.1,30.1,30.2,30.1,30.2,30.2,30.2,30.4,30.3,30.4,30.5,30.5,30.7,30.5,30.6,30.6,30.7,30.8,30.9,30.8,30.9,30.9,31.0,31.1,31.1,31.1,31.1,31.1,31.0,31.1,31.0,31.1,31.0,31.2,31.2,31.1,31.2,31.0,31.0,31.0,31.0,30.9,31.0,30.9,30.8,30.8,30.9,30.8,30.7,30.8,30.6,30.6,30.6,30.6,30.5,30.5,30.5,30.4,30.4,30.4,30.2,30.4,30.2,30.0,30.1,30.2,30.2,30.0,30.1,30.1,30.0,30.1,29.9,29.8,29.9,29.8,29.8,29.7,29.7,29.7,29.6,29.7,29.5,29.6,29.5,29.5,29.4,29.2,29.4,29.4,29.4,29.4,29.2,29.3,29.3,29.3,29.1,29.0,29.3,29.1,29.1,29.1,29.0,29.0,29.0,29.0,29.0,28.9,29.1,29.0,29.0,28.9,28.8,29.1,28.8,28.8,28.9,28.8,28.9,28.9,28.8,28.8,28.8,29.0,28.6,28.7,28.8,28.7,28.8,28.7,28.8,28.7,28.7,28.6,28.6,28.6
21,29.0,29.0,28.9,28.8,28.8,28.9,28.9,28.9,28.9,29.1,29.0,29.0,29.1,29.0,29.2,29.1,29.0,29.2,29.3,29.4,29.4,29.1,29.4,29.3,29.4,29.4,29.5,29.4,29.5,29.4,29.3,29.4,29.7,29.5,29.6,29.7,29.6,29.7,29.8,29.8,29.6,29.9,29.9,29.8,30.0,30.1,30.0,30.0,30.2,30.0,30.3,30.2,30.4,30.2,30.3,30.2,30.2,30.5,30.3,30.5,30.7,30.5,30.5,30.6,30.5,30.6,30.6,30.7,30.8,30.8,30.8,31.0,30.9,30.9,31.1,31.2,31.1,31.1,31.2,31.2,31.3,31.1,31.3,31.3,31.5,31.3,31.6,31.4,31.5,31.4,31.4,31.3,31.5,31.5,31.4,31.4,31.2,31.4,31.3,31.0,31.0,31.1,31.0,31.2,31.0,31.0,30.8,30.8,30.8,30.8,30.8,30.7,30.4,30.6,30.4,30.7,30.4,30.6,30.4,30.4,30.5,30.4,30.2,30.2,30.2,30.1,30.1,30.1,30.0,30.0,30.1,30.1,30.0,29.8,29.7,29.8,29.8,29.8,29.9,29.5,29.8,29.8,29.6,29.6,29.4,29.4,29.2,29.4,29.4,29.5,29.2,29.2,29.4,29.3,29.2,29.2,29.4,29.2,29.2,29.2,29.0,29.1,29.0,29.1,29.2,29.1,29.0,29.0,29.2,29.0,29.0,28.9,28.8,28.8,29.0,28.8,28.7,28.9,28.6,28.9,28.8,29.0,28.8,28.8,28.7,28.8,28.8,28.7,28.7,28.7,28.6,28.6
22,28.8,29.0,29.0,29.0,29.0,29.0,29.0,29.0,29.0,29.1,28.9,29.1,28.8,29.3,29.2,29.2,29.2,29.2,29.3,29.3,29.2,29.4,29.4,29.4,29.4,29.5,29.3,29.4,29.4,29.5,29.6,29.6,29.5,29.5,29.7,29.8,29.7,29.8,30.0,30.0,29.8,29.9,29.9,29.9,30.0,29.9,30.0,30.1,30.2,30.1,30.2,30.1,30.2,30.3,30.4,30.5,30.5,30.5,30.6,30.5,30.5,30.6,30.6,30.6,30.7,30.8,30.8,30.8,30.9,30.9,31.0,31.0,31.0,31.1,30.9,31.1,31.4,31.3,31.3,31.5,31.5,31.5,31.6,31.6,31.6,31.6,31.6,31.6,31.9,31.7,31.6,31.7,31.6,31.6,31.6,31.7,31.5,31.5,31.3,31.5,31.3,31.1,31.3,31.1,31.0,31.2,31.1,30.9,30.9,30.8,30.7,30.8,30.9,30.8,30.6,30.7,30.8,30.6,30.5,30.5,30.3,30.5,30.4,30.3,30.4,30.2,30.3,30.2,30.3,30.0,30.1,30.0,29.8,29.8,29.9,29.7,29.7,29.8,30.0,29.6,29.8,29.6,29.6,29.5,29.5,29.4,29.6,29.4,29.4,29.4,29.2,29.3,29.4,29.2,29.1,29.2,29.2,29.0,29.1,29.1,29.1,29.1,29.0,29.0,29.0,29.0,28.8,29.0,29.0,29.0,28.8,28.9,29.0,28.9,28.8,28.9,28.7,28.9,28.8,28.8,28.9,28.8,28.8,28.7,28.7,28.6,28.6,28.7,28.9,28.9,28.7,28.7
23,29.0,29.0,29.0,29.1,28.9,29.0,28.9,29.2,29.0,29.1,29.2,29.1,29.1,29.2,29.1,29.1,29.2,29.2,29.3,29.4,29.2,29.2,29.3,29.2,29.4,29.4,29.5,29.5,29.6,29.4,29.6,29.7,29.6,29.7,29.8,29.6,29.8,29.7,29.8,29.9,30.0,30.0,30.0,30.0,30.0,30.1,30.2,30.1,30.3,30.3,30.3,30.3,30.3,30.5,30.5,30.4,30.5,30.7,30.6,30.8,30.7,30.9,30.9,30.9,31.1,31.0,31.1,31.1,31.2,31.3,31.2,31.4,31.3,31.4,31.4,31.4,31.6,31.6,31.7,31.6,32.0,31.9,32.0,31.9,32.1,32.0,32.1,32.4,32.1,32.1,32.2,32.1,32.0,32.1,32.1,32.0,31.9,32.0,31.7,31.7,31.7,31.7,31.7,31.3,31.4,31.3,31.3,31.3,31.0,31.1,31.0,30.9,31.1,30.9,30.8,30.9,30.9,30.8,30.8,30.9,30.8,30.6,30.5,30.5,30.5,30.5,30.4,30.3,30.3,30.0,30.2,30.1,30.2,30.2,30.1,29.8,30.0,30.0,29.8,29.8,29.7,29.6,29.8,29.6,29.6,29.6,29.5,29.4,29.5,29.4,29.2,29.5,29.5,29.4,29.2,29.2,29.3,29.1,29.0,29.2,29.1,29.1,29.2,29.2,29.0,28.9,29.0,28.8,29.1,28.9,29.1,29.0,28.9,29.0,28.9,29.0,28.9,28.8,28.8,28.8,28.8,28.8,28.9,28.7,28.8,28.7,28.7,28.8,28.8,28.8,28.6,28.6
24,29.0,29.2,29.1,29.0,29.0,28.9,28.9,29.0,29.1,29.0,29.0,29.3,29.1,29.4,29.2,29.2,29.2,29.2,29.3,29.2,29.4,29.2,29.5,29.2,29.4,29.4,29.5,29.6,29.5,29.6,29.6,29.6,29.6,29.7,29.7,29.9,29.8,29.8,30.0,30.1,30.0,29.9,30.2,30.1,30.1,30.2,30.3,30.5,30.4,30.2,30.5,30.5,30.5,30.5,30.7,30.5,30.8,30.9,30.8,30.8,31.0,30.9,31.1,31.1,31.1,31.3,31.2,31.3,31.3,31.3,31.3,31.5,31.6,31.6,31.8,32.0,32.0,31.9,32.0,32.1,32.1,32.2,32.3,32.5,32.5,32.6,32.5,32.7,32.6,32.6,32.5,32.6,32.5,32.4,32.5,32.5,32.3,32.4,32.1,32.1,32.1,32.0,32.0,31.8,31.7,31.7,31.5,31.6,31.3,31.3,31.4,31.3,31.1,31.1,31.0,31.0,31.1,30.9,30.8,30.9,30.7,30.8,30.8,30.7,30.8,30.4,30.4,30.5,30.5,30.4,30.4,30.1,30.1,30.1,30.0,30.0,30.1,30.0,29.7,29.8,29.7,29.7,29.6,29.7,29.6,29.5,29.6,29.4,29.4,29.5,29.5,29.4,29.1,29.4,29.2,29.3,29.3,29.1,29.2,29.2,29.2,29.1,29.1,29.1,29.1,28.9,29.0,29.1,29.2,29.0,29.0,28.8,28.9,29.0,29.0,28.7,28.9,29.0,28.8,28.8,28.8,28.8,28.8,28.7,28.9,28.7,28.7,28.8,28.6,28.7,28.5,28.8
25,29.0,29.0,29.0,29.1,29.0,28.8,29.1,29.2,28.9,29.1,29.1,29.2,29.2,29.2,29.3,29.2,29.3,29.2,29.3,29.2,29.4,29.3,29.6,29.5,29.5,29.8,29.6,29.7,29.7,29.6,29.6,29.7,29.7,29.7,29.8,30.0,29.9,30.2,30.1,30.1,30.2,30.1,30.2,30.2,30.2,30.5,30.4,30.6,30.5,30.5,30.6,30.7,30.8,30.8,30.8,30.9,30.9,31.0,30.9,31.2,31.2,31.2,31.2,31.3,31.5,31.4,31.3,31.5,31.7,31.7,31.9,31.9,31.9,32.0,32.2,32.3,32.4,32.3,32.5,32.6,32.8,32.8,32.8,33.1,33.0,33.2,33.1,33.2,33.3,33.2,33.3,33.2,33.1,33.1,33.0,33.0,33.0,32.8,32.7,32.6,32.3,32.3,32.2,32.0,32.0,32.2,31.9,32.0,31.7,31.6,31.6,31.6,31.5,31.5,31.4,31.3,31.1,31.3,31.3,31.1,31.2,31.0,31.1,30.9,30.9,30.9,30.7,30.5,30.7,30.5,30.5,30.3,30.4,30.3,30.3,30.2,30.2,30.1,29.9,30.1,29.8,29.8,29.8,29.6,29.6,29.6,29.6,29.5,29.4,29.2,29.5,29.4,29.2,29.5,29.4,29.2,29.4,29.2,29.2,29.0,29.3,29.2,29.0,29.1,29.1,29.0,29.0,29.0,29.0,29.1,29.0,29.0,29.0,28.8,28.9,28.8,28.8,28.9,28.8,28.8,28.7,28.9,28.9,28.8,28.8,28.8,28.9,28.8,29.0,28.8,28.8,28.8
26,29.0,29.1,29.1,29.2,29.1,29.0,29.0,29.0,29.2,29.1,29.0,29.2,29.1,29.2,29.2,29.4,29.2,29.4,29.6,29.2,29.4,29.4,29.5,29.4,29.6,29.4,29.7,29.6,29.6,29.6,29.8,29.8,29.7,29.9,30.0,30.0,29.9,30.0,30.2,30.1,30.2,30.2,30.3,30.3,30.5,30.6,30.5,30.5,30.7,30.6,30.9,30.9,31.0,31.1,31.0,31.1,31.3,31.3,31.1,31.3,31.5,31.4,31.6,31.6,31.6,31.8,31.8,32.0,31.7,32.0,32.2,32.2,32.3,32.4,32.5,32.7,32.8,33.0,33.2,33.3,33.3,33.4,33.5,33.6,33.7,33.8,33.9,33.9,33.9,33.9,33.8,33.8,33.7,33.8,33.6,33.7,33.4,33.5,33.4,33.2,33.1,32.8,32.6,32.6,32.4,32.1,32.2,32.1,32.0,32.0,31.9,31.7,31.7,31.7,31.7,31.6,31.5,31.5,31.5,31.3,31.3,31.3,31.3,31.3,31.2,31.1,30.9,31.0,30.9,30.8,30.8,30.5,30.5,30.4,30.5,30.2,30.3,30.1,30.0,29.8,29.9,29.9,29.8,29.8,29.7,29.6,29.6,29.3,29.5,29.6,29.6,29.4,29.3,29.4,29.2,29.2,29.3,29.1,29.2,29.4,29.2,29.2,29.2,29.0,29.0,29.0,29.0,29.0,29.1,28.8,29.0,28.9,29.0,28.8,29.0,28.8,28.8,28.7,28.7,28.8,28.8,28.9,28.8,28.8,28.8,28.8,28.7,28.7,28.7,28.8,28.7,28.8
27,29.1,29.0,29.0,29.0,29.1,29.0,29.3,29.1,29.2,29.4,29.2,29.2,29.4,29.1,29.1,29.3,29.4,29.3,29.4,29.6,29.5,29.6,29.6,29.4,29.6,29.7,29.8,29.8,29.8,29.9,29.8,29.8,29.9,30.0,30.0,30.0,30.0,30.2,30.3,30.4,30.2,30.5,30.6,30.6,30.6,30.8,30.9,30.9,30.9,30.9,31.0,31.1,31.2,31.3,31.3,31.4,31.6,31.5,31.6,31.7,31.9,32.0,32.0,32.1,32.1,32.1,32.2,32.4,32.3,32.5,32.7,32.7,32.6,32.8,32.9,33.3,33.3,33.5,33.7,33.7,33.9,34.0,34.2,34.4,34.5,34.6,34.8,34.7,34.8,34.7,34.8,34.7,34.8,34.5,34.5,34.4,34.3,34.1,34.0,33.7,33.6,33.5,33.3,33.2,32.9,32.9,32.8,32.5,32.4,32.3,32.3,32.3,32.3,32.1,32.0,31.9,31.8,32.0,31.9,31.8,31.5,31.7,31.6,31.6,31.5,31.3,31.3,31.2,31.1,31.0,30.9,30.8,30.8,30.6,30.5,30.4,30.5,30.4,30.0,30.1,30.1,30.0,30.0,29.8,29.8,29.6,29.6,29.7,29.7,29.6,29.3,29.4,29.4,29.4,29.4,29.2,29.4,29.1,29.2,29.3,29.2,29.3,29.0,29.2,29.0,29.2,29.1,29.0,29.2,29.0,28.9,28.9,28.9,29.0,29.2,29.0,28.9,28.8,28.8,28.9,28.8,28.7,28.8,28.8,28.7,28.9,28.9,28.9,28.8,28.9,28.7,28.8
28,29.0,29.2,29.0,28.9,29.1,29.2,29.2,29.2,29.4,29.4,29.4,29.2,29.1,29.4,29.4,29.2,29.4,29.4,29.5,29.4,29.5,29.5,29.5,29.6,29.7,29.7,29.8,29.8,29.8,29.8,29.7,29.8,30.0,30.2,30.1,30.3,30.2,30.1,30.4,30.2,30.4,30.5,30.6,30.7,30.6,30.9,31.0,31.2,31.1,31.2,31.3,31.5,31.4,31.7,31.7,32.0,32.0,32.0,32.0,32.3,32.3,32.2,32.3,32.5,32.6,32.6,32.8,32.8,32.7,33.0,33.0,33.2,33.3,33.4,33.6,33.9,33.9,34.3,34.4,34.5,34.8,35.0,35.1,35.3,35.6,35.6,35.6,35.7,35.8,35.9,35.7,35.8,35.7,35.6,35.4,35.2,35.1,35.1,34.8,34.7,34.4,34.2,34.0,33.8,33.6,33.6,33.2,33.2,33.0,32.8,32.8,32.7,32.9,32.6,32.4,32.5,32.3,32.5,32.2,32.1,32.1,32.1,31.8,32.0,31.8,31.7,31.7,31.4,31.4,31.3,31.2,31.0,30.9,31.0,30.6,30.6,30.6,30.6,30.3,30.3,30.0,30.0,30.0,30.0,29.8,29.7,29.7,29.5,29.5,29.7,29.4,29.6,29.5,29.6,29.4,29.4,29.1,29.2,29.4,29.2,29.2,29.3,29.3,29.2,29.2,29.2,29.1,29.1,29.1,29.2,29.2,28.9,28.8,29.0,28.9,29.0,29.0,28.7,28.9,29.0,28.9,28.8,29.0,28.9,28.9,28.8,28.8,28.8,28.8,28.8,28.7,28.8
29,29.1,29.0,29.1,29.0,29.2,29.1,29.2,29.2,29.2,29.4,29.4,29.4,29.4,29.3,29.6,29.4,29.4,29.5,29.6,29.4,29.5,29.7,29.7,29.5,29.6,29.6,29.8,29.8,29.9,29.7,30.0,30.0,30.1,30.0,30.2,30.3,30.3,30.3,30.5,30.5,30.7,30.8,30.9,30.9,31.1,31.1,31.4,31.3,31.5,31.6,31.6,31.7,31.9,32.0,32.1,32.3,32.2,32.4,32.5,32.5,32.7,32.7,32.8,33.0,33.0,33.2,33.2,33.4,33.5,33.7,33.7,33.7,33.9,33.9,34.2,34.4,34.8,34.9,35.0,35.4,36.0,36.0,36.4,36.5,36.7,36.8,37.1,37.0,37.1,37.2,37.0,37.1,37.3,36.9,36.8,36.6,36.2,36.3,35.9,35.5,35.1,34.9,34.9,34.4,34.2,34.1,33.9,33.8,33.6,33.4,33.4,33.3,33.3,33.1,33.0,33.2,32.9,32.8,32.8,32.7,32.6,32.5,32.5,32.3,32.4,32.2,32.1,31.9,31.8,31.6,31.5,31.4,31.3,31.1,31.0,30.8,30.5,30.6,30.5,30.4,30.3,30.2,30.2,30.0,29.9,29.9,29.7,29.7,29.7,29.5,29.6,29.6,29.4,29.4,29.3,29.4,29.4,29.4,29.4,29.2,29.3,29.2,29.2,29.2,29.1,29.2,29.1,29.0,29.0,29.0,29.0,29.0,28.8,29.0,29.0,29.0,29.0,28.8,28.9,28.8,29.0,28.9,28.9,28.8,28.8,28.8,28.8,28.9,28.7,28.7,28.7,28.7
30,29.1,29.2,29.0,29.0,29.1,29.1,29.2,29.1,29.1,29.3,29.5,29.5,29.2,29.4,29.5,29.5,29.5,29.5,29.6,29.6,29.6,29.6,29.8,29.7,29.6,29.7,29.7,29.9,30.0,30.0,30.0,30.1,30.2,30.3,30.4,30.4,30.4,30.5,30.5,30.5,30.8,30.8,31.0,31.3,31.3,31.4,31.6,31.6,31.7,31.9,32.2,32.2,32.3,32.5,32.5,32.6,32.7,32.8,32.9,33.0,33.1,33.3,33.4,33.6,33.7,33.6,33.8,33.9,34.1,34.0,34.1,34.4,34.4,34.7,34.9,35.1,35.4,35.7,36.1,36.5,36.9,37.6,38.0,38.4,38.5,39.0,39.0,39.0,39.3,39.0,39.0,39.1,38.9,38.7,38.7,38.4,38.0,37.8,37.3,36.8,36.3,35.8,35.6,35.3,34.9,34.7,34.6,34.4,34.2,33.9,34.1,34.0,33.6,33.7,33.6,33.7,33.4,33.4,33.2,33.1,33.0,33.0,33.0,32.9,32.8,32.6,32.6,32.3,32.2,31.8,31.9,31.8,31.5,31.4,31.3,31.0,30.9,30.7,30.7,30.5,30.2,30.2,30.2,29.9,29.9,29.9,29.7,29.8,29.8,29.8,29.4,29.5,29.6,29.5,29.7,29.2,29.2,29.3,29.2,29.3,29.1,29.1,29.1,29.3,29.1,29.0,29.1,29.0,29.2,29.0,29.1,28.8,29.0,29.0,29.1,29.0,29.0,29.0,28.9,29.0,28.8,28.8,28.9,28.9,28.6,28.8,28.8,28.6,28.7,28.9,28.8,28.8
31,29.1,29.0,29.2,29.0,29.1,29.2,29.1,29.4,29.2,29.3,29.2,29.2,29.4,29.4,29.4,29.5,29.4,29.7,29.6,29.6,29.7,29.7,29.7,29.7,29.8,29.8,30.0,29.8,30.1,30.0,30.1,30.1,30.2,30.2,30.5,30.5,30.5,30.8,30.8,30.8,30.9,31.1,31.2,31.4,31.6,31.7,31.9,32.0,32.3,32.4,32.5,32.8,32.8,33.0,33.3,33.2,33.3,33.5,33.8,33.8,33.7,33.9,34.2,34.2,34.4,34.5,34.4,34.7,34.9,35.0,35.0,35.1,35.4,35.5,35.7,36.0,36.4,36.8,37.3,37.8,38.7,39.7,40.5,41.0,41.3,41.5,41.6,41.7,41.8,41.9,41.8,41.8,41.6,41.3,41.3,41.0,40.8,40.2,39.6,38.5,37.5,36.8,36.5,36.1,35.8,35.5,35.5,35.2,34.9,34.9,34.6,34.7,34.4,34.5,34.3,34.4,34.2,34.1,34.1,33.9,33.8,33.8,33.7,33.7,33.7,33.3,33.3,32.9,32.9,32.5,32.5,32.2,31.8,31.8,31.6,31.4,31.2,31.0,30.8,30.7,30.5,30.4,30.3,30.1,30.0,30.1,29.8,29.8,29.8,29.6,29.7,29.6,29.6,29.5,29.4,29.4,29.5,29.5,29.5,29.4,29.2,29.2,29.2,29.1,29.1,29.2,28.9,29.1,29.1,29.0,29.0,29.0,29.0,28.8,28.9,28.9,28.9,28.9,28.9,28.8,28.9,28.8,28.9,28.9,28.7,28.6,28.8,28.8,28.7,28.8,28.8,28.8
32,29.2,29.1,29.2,29.2,29.2,29.1,29.2,29.3,29.3,29.4,29.6,29.4,29.5,29.4,29.6,29.4,29.6,29.7,29.6,29.6,29.6,29.8,29.8,29.8,29.8,29.9,30.0,30.3,30.1,30.2,30.2,30.3,30.3,30.5,30.4,30.6,30.8,30.9,30.9,31.1,31.3,31.5,31.5,31.7,31.9,32.2,32.4,32.6,32.9,33.0,33.4,33.6,33.7,33.9,34.0,34.2,34.5,34.6,34.7,34.8,35.0,35.2,35.3,35.4,35.6,35.7,35.8,36.0,36.1,36.1,36.2,36.3,36.4,36.7,36.9,37.5,37.6,38.0,38.7,39.2,40.7,42.2,43.6,44.1,44.3,44.4,44.6,44.7,44.7,44.9,44.9,44.6,44.5,44.3,44.1,43.9,43.7,43.1,42.2,40.5,39.2,38.4,37.7,37.4,37.1,36.7,36.5,36.4,36.3,36.4,36.2,36.0,35.9,35.7,35.6,35.5,35.5,35.4,35.2,35.2,35.1,35.0,34.9,34.7,34.6,34.4,34.3,33.9,33.7,33.5,33.1,32.8,32.6,32.2,32.0,31.9,31.5,31.2,31.0,30.9,30.6,30.4,30.6,30.2,30.1,30.1,30.0,29.9,29.9,29.8,29.7,29.8,29.6,29.6,29.5,29.5,29.4,29.5,29.4,29.2,29.4,29.4,29.4,29.1,29.1,29.2,29.1,29.1,29.2,29.0,29.0,29.1,29.1,29.0,28.9,28.9,29.1,28.9,28.9,29.1,28.8,29.0,28.8,28.9,28.9,28.8,28.7,28.7,28.7,28.7,28.7,28.7
33,29.3,29.1,29.4,29.2,29.4,29.4,29.4,29.4,29.5,29.6,29.4,29.4,29.5,29.8,29.5,29.6,29.6,29.7,29.8,29.7,30.0,30.0,30.0,29.8,30.0,30.1,30.2,30.0,30.2,30.5,30.5,30.3,30.5,30.5,30.7,30.8,30.9,31.1,31.1,31.2,31.6,31.7,31.9,32.3,32.6,32.7,33.3,33.7,33.9,34.2,34.8,35.1,35.5,35.6,35.9,36.1,36.2,36.5,36.7,37.0,37.1,37.3,37.6,37.7,37.8,37.9,38.3,38.3,38.4,38.2,38.2,38.2,38.3,38.6,38.9,39.2,39.5,40.1,40.5,41.2,42.7,45.0,46.5,47.2,47.3,47.5,47.4,47.7,47.7,47.5,47.5,47.5,47.3,47.1,46.9,46.8,46.6,46.2,45.1,42.9,41.2,40.2,39.5,39.1,38.7,38.4,38.2,38.2,38.4,38.7,38.8,38.7,38.4,38.3,38.0,38.0,37.8,37.7,37.6,37.5,37.4,37.3,37.1,37.1,36.6,36.4,36.1,36.0,35.6,35.1,34.8,34.1,33.7,33.3,32.9,32.5,32.1,31.8,31.5,31.3,31.1,30.8,30.6,30.5,30.4,30.2,30.2,30.3,29.9,29.9,29.8,29.8,29.8,29.8,29.5,29.7,29.6,29.7,29.4,29.6,29.4,29.4,29.4,29.2,29.4,29.3,29.2,29.2,29.0,29.2,29.1,29.2,28.9,29.1,29.2,29.1,29.0,29.0,29.0,29.1,29.0,28.9,29.1,29.0,29.0,29.2,28.9,28.9,28.8,29.0,28.8,29.0
34,29.2,29.4,29.2,29.2,29.4,29.4,29.5,29.4,29.4,29.6,29.5,29.7,29.5,29.7,29.6,29.7,29.7,29.8,30.0,29.8,29.9,30.1,29.9,30.0,30.2,30.2,30.3,30.4,30.3,30.5,30.6,30.5,30.8,30.8,30.9,31.0,31.2,31.2,31.3,31.8,31.8,32.2,32.5,33.0,33.6,34.1,34.9,35.4,36.2,36.8,37.6,38.2,38.5,38.8,39.2,39.4,39.7,39.8,40.2,40.2,40.5,40.8,40.9,41.2,41.5,41.6,41.9,41.9,41.6,40.9,40.7,40.6,40.8,40.9,41.2,41.6,41.9,42.2,42.8,43.4,44.5,46.7,47.7,48.0,48.2,48.5,48.4,48.5,48.5,48.4,48.5,48.4,48.4,48.1,48.0,47.9,47.7,47.3,46.8,44.9,42.9,42.0,41.4,40.9,40.4,40.0,39.7,40.1,41.0,42.2,42.4,42.3,41.9,41.6,41.4,41.3,41.2,41.3,41.0,40.9,40.7,40.6,40.5,40.2,39.9,39.7,39.4,39.1,38.6,38.2,37.2,36.2,35.6,34.8,34.2,33.4,32.7,32.3,31.8,31.5,31.3,30.9,31.0,30.6,30.4,30.3,30.1,30.1,30.0,29.9,29.8,29.8,29.9,29.7,29.6,29.2,29.6,29.6,29.5,29.4,29.4,29.5,29.3,29.2,29.1,29.3,29.2,29.2,29.2,29.2,29.4,29.0,29.2,29.0,29.1,29.0,29.0,29.0,28.9,29.0,28.9,28.8,28.9,28.9,28.8,28.8,28.9,28.8,28.7,28.8,28.6,28.7
35,29.2,29.2,29.5,29.4,29.4,29.4,29.5,29.5,29.4,29.6,29.6,29.7,29.8,29.6,29.8,29.8,29.8,29.8,29.9,30.0,30.0,30.2,30.2,30.0,30.2,30.3,30.4,30.5,30.5,30.6,30.5,30.7,30.8,31.0,31.0,31.2,31.2,31.5,31.7,31.9,32.1,32.5,33.2,33.9,35.1,36.1,37.3,38.2,39.1,40.2,41.6,42.3,42.7,43.1,43.3,43.6,43.8,43.9,44.2,44.5,44.9,45.0,45.2,45.6,45.9,46.1,46.4,46.4,45.8,44.4,43.6,43.4,43.5,43.9,44.0,44.5,44.7,45.0,45.5,45.7,46.4,47.5,48.2,48.3,48.3,48.4,48.4,48.7,48.5,48.4,48.3,48.3,48.2,48.2,47.8,47.8,47.7,47.4,47.0,46.0,44.8,44.0,43.6,42.9,42.3,42.0,41.6,42.2,44.2,46.1,46.7,46.6,46.2,45.6,45.5,45.5,45.4,45.5,45.3,45.2,44.9,44.9,44.9,44.4,44.2,44.0,43.5,43.2,42.7,41.5,40.0,39.0,37.8,36.8,35.8,34.7,33.8,33.0,32.2,31.8,31.5,31.1,31.1,30.8,30.5,30.3,30.2,30.2,30.0,29.8,29.8,29.8,29.8,29.7,29.6,29.4,29.6,29.6,29.5,29.4,29.5,29.1,29.5,29.4,29.2,29.3,29.2,29.4,29.1,29.1,29.2,29.2,29.1,29.0,29.0,29.0,29.0,29.0,29.0,29.0,28.9,29.0,28.8,28.9,28.8,29.0,28.9,28.8,28.9,28.9,28.6,28.8
36,29.4,29.4,29.4,29.4,29.4,29.5,29.7,29.6,29.6,29.6,29.6,29.7,29.7,29.8,30.0,29.8,29.9,30.0,30.0,30.1,30.1,30.2,30.3,30.3,30.5,30.5,30.5,30.7,30.6,30.9,30.9,31.1,31.0,31.2,31.3,31.5,31.6,31.8,31.9,32.2,32.7,33.1,34.4,35.5,36.9,38.4,40.0,41.3,42.7,44.3,45.8,47.4,47.8,48.1,48.5,48.7,48.6,48.5,48.9,49.1,49.5,49.7,49.8,49.7,50.2,50.4,50.6,50.4,49.6,47.7,45.6,45.1,45.2,45.6,45.9,46.4,46.6,46.9,47.1,47.3,47.7,48.0,48.2,48.2,48.4,48.2,48.2,48.2,48.2,48.2,48.1,48.2,48.0,47.8,47.7,47.4,47.2,47.1,46.6,46.0,45.5,45.0,44.3,43.7,42.8,42.3,41.9,42.6,46.4,49.5,50.5,50.5,49.7,49.3,49.2,49.3,49.3,49.4,49.5,49.3,49.3,49.2,49.0,48.7,48.5,48.3,48.2,47.8,47.0,45.3,43.5,41.8,40.5,39.2,37.8,36.5,35.1,33.9,33.0,32.2,31.8,31.5,31.4,31.0,30.9,30.6,30.5,30.3,30.1,30.0,30.0,29.9,29.8,29.8,29.8,29.6,29.6,29.6,29.4,29.4,29.5,29.5,29.6,29.6,29.3,29.2,29.3,29.4,29.4,29.2,29.2,29.2,29.1,29.1,28.9,28.9,29.2,29.1,29.2,29.1,29.1,29.0,29.1,29.0,28.9,28.8,28.9,28.8,28.9,28.9,29.0,28.9
37,29.4,29.5,29.5,29.3,29.4,29.4,29.5,29.6,29.6,29.6,29.6,29.6,29.7,30.0,30.1,29.9,30.0,30.2,30.1,30.2,30.1,30.4,30.4,30.3,30.5,30.6,30.7,30.8,30.9,30.9,30.9,31.1,31.2,31.3,31.5,31.6,32.0,31.8,32.3,32.5,33.3,33.8,35.3,37.1,38.9,40.8,41.8,43.0,44.3,45.9,47.7,49.4,50.2,50.3,50.3,50.7,50.7,50.3,50.4,50.7,51.2,51.5,51.6,51.5,51.5,51.5,51.7,51.6,50.7,48.7,46.0,45.6,45.7,46.2,46.6,47.3,47.7,47.8,48.3,48.3,48.5,48.7,48.9,48.9,49.1,48.9,49.1,49.1,49.0,48.8,48.9,48.7,48.8,48.5,48.4,48.3,47.9,47.8,47.2,46.9,46.5,45.8,45.2,44.0,43.1,42.5,42.0,42.8,46.9,50.7,51.5,51.3,50.9,50.3,50.4,50.4,50.5,50.8,50.8,50.8,50.7,50.8,50.7,50.5,50.3,49.9,49.9,49.6,48.5,46.8,45.0,43.3,41.9,40.7,39.7,38.5,36.7,35.0,33.5,32.8,32.2,31.9,31.6,31.1,30.9,30.9,30.6,30.4,30.2,30.1,30.1,29.9,30.0,29.8,29.8,29.7,29.7,29.9,29.7,29.5,29.5,29.5,29.5,29.4,29.3,29.4,29.2,29.4,29.2,29.3,29.3,29.3,29.3,29.2,29.2,29.0,29.2,29.2,29.1,29.2,29.0,29.0,29.0,29.0,29.0,28.9,29.1,29.0,29.0,28.9,28.9,28.9
38,29.4,29.6,29.7,29.7,29.6,29.5,29.7,29.8,29.5,29.6,29.9,29.9,29.8,30.0,30.1,30.0,30.2,30.2,30.3,30.5,30.3,30.4,30.5,30.5,30.8,30.7,30.9,31.0,31.1,31.1,31.3,31.3,31.5,31.5,31.7,31.9,32.1,32.3,32.5,33.0,33.6,34.9,36.5,38.9,40.8,42.1,42.4,43.2,44.5,46.3,48.2,49.7,50.5,51.0,51.1,51.3,51.5,51.1,51.1,51.4,51.7,52.3,52.3,52.3,52.0,52.0,51.9,51.9,51.2,49.3,47.1,46.6,46.8,47.3,48.0,48.6,49.1,49.5,49.6,50.0,50.0,50.3,50.3,50.4,50.5,50.5,50.6,50.5,50.5,50.4,50.3,50.3,50.3,50.3,50.0,49.9,49.6,49.4,48.9,48.6,48.1,47.4,46.7,45.5,44.2,43.5,43.1,44.0,47.8,50.9,51.6,51.5,51.1,50.8,50.7,50.7,50.8,51.0,51.1,51.1,51.2,51.1,51.0,50.8,50.6,50.4,50.3,49.7,48.5,46.9,44.8,43.2,42.0,41.3,40.7,40.1,38.3,36.0,34.5,33.3,32.6,32.1,31.7,31.4,31.1,31.0,30.8,30.5,30.3,30.2,30.2,30.0,30.0,29.9,29.9,29.7,29.6,29.7,29.6,29.6,29.6,29.3,29.5,29.3,29.4,29.4,29.2,29.2,29.5,29.1,29.2,29.2,29.2,29.0,29.2,29.1,29.2,29.2,28.9,29.0,29.1,29.0,29.1,28.9,28.9,29.0,29.0,28.9,28.8,28.9,29.0,29.0
39,29.5,29.4,29.6,29.8,29.6,29.6,29.8,29.9,29.7,29.8,29.8,30.0,30.0,30.0,30.0,30.2,30.3,30.4,30.5,30.6,30.5,30.6,30.7,30.7,30.8,31.1,31.0,31.2,31.2,31.3,31.4,31.6,31.6,32.0,32.0,32.3,32.3,32.6,32.9,33.3,34.2,35.7,37.8,40.7,42.0,42.5,42.5,42.4,43.3,45.7,48.1,49.7,50.7,51.2,51.3,51.4,51.5,51.9,51.3,51.3,51.9,52.4,52.4,52.5,52.5,52.4,52.3,52.5,52.0,50.5,48.9,48.2,48.2,48.5,49.2,49.9,50.4,50.8,50.9,51.1,51.3,51.4,51.5,51.6,51.5,51.6,51.8,51.7,51.9,51.7,51.6,51.6,51.5,51.4,51.4,51.3,51.0,50.8,50.5,50.0,49.4,49.0,48.2,47.1,45.7,45.1,45.0,45.9,48.9,51.5,51.8,51.6,51.3,51.0,50.8,50.8,50.9,51.1,51.2,51.2,51.3,51.2,51.3,51.1,50.8,50.6,50.5,49.9,48.6,46.6,44.2,42.6,41.7,41.4,41.4,41.1,40.0,37.5,35.2,33.7,33.0,32.4,32.1,31.8,31.4,31.2,30.8,30.8,30.6,30.4,30.3,30.2,29.9,29.9,29.8,29.8,29.7,29.7,29.7,29.6,29.6,29.5,29.5,29.4,29.3,29.3,29.4,29.5,29.3,29.3,29.4,29.2,29.0,29.1,29.2,29.2,29.1,29.1,29.0,28.9,29.0,29.0,29.1,29.1,28.9,29.0,28.9,28.9,28.8,28.9,28.8,29.0
40,29.7,29.8,29.7,29.8,29.8,29.8,29.9,29.9,29.9,30.0,30.1,30.2,30.1,30.3,30.3,30.4,30.5,30.6,30.6,30.6,30.7,31.0,30.8,31.0,31.1,31.1,31.2,31.5,31.5,31.6,31.8,32.0,32.0,32.1,32.5,32.5,32.7,33.1,33.3,33.7,34.7,36.4,39.3,42.1,43.3,43.2,42.4,42.0,42.4,44.4,47.6,49.9,50.9,51.6,51.7,51.7,52.0,52.3,51.9,51.5,52.0,52.4,52.5,52.6,52.9,52.8,53.0,53.2,52.9,52.1,50.8,50.2,50.0,50.1,50.7,51.1,51.6,51.8,51.9,52.2,52.3,52.4,52.7,52.7,52.7,52.7,52.7,52.8,52.8,52.7,52.7,52.6,52.8,52.5,52.5,52.3,52.2,52.1,51.9,51.5,51.0,50.4,49.9,48.8,47.9,47.5,47.6,48.5,50.5,51.8,51.9,51.8,51.6,51.5,51.2,51.3,51.1,51.2,51.3,51.4,51.5,51.5,51.5,51.3,51.0,50.9,50.7,50.0,48.6,46.3,43.5,42.0,41.4,41.8,42.5,42.3,41.3,38.5,35.9,34.3,33.4,32.9,32.3,31.9,31.8,31.2,31.0,30.9,30.5,30.4,30.2,30.4,30.0,30.2,29.8,29.7,29.8,29.8,29.9,29.7,29.5,29.6,29.5,29.5,29.4,29.4,29.4,29.2,29.3,29.4,29.2,29.2,29.2,29.2,29.2,29.2,29.2,29.4,29.1,29.2,29.1,29.0,29.2,29.2,29.0,28.9,28.9,29.0,28.9,29.0,29.0,28.8
41,29.8,29.8,29.6,29.9,29.7,30.0,30.2,30.1,30.0,30.1,30.3,30.3,30.2,30.4,30.6,30.7,30.7,30.8,30.9,30.8,31.1,31.1,31.3,31.3,31.3,31.8,31.7,32.0,32.3,32.3,32.4,32.5,32.8,32.7,33.2,33.1,33.1,33.4,33.7,34.1,35.2,37.3,40.4,43.6,44.6,44.5,43.3,41.9,42.5,44.3,47.4,50.3,51.1,51.7,52.0,51.9,52.6,52.6,52.4,52.1,52.1,52.4,52.7,52.7,53.1,53.2,53.6,53.9,53.7,53.5,52.7,52.1,51.7,51.7,52.2,52.5,52.6,52.9,52.9,53.0,53.2,53.3,53.4,53.5,53.5,53.4,53.5,53.5,53.6,53.5,53.4,53.6,53.5,53.5,53.4,53.4,53.2,53.1,52.7,52.4,52.2,51.9,51.4,50.9,50.1,49.7,49.9,51.3,52.0,52.2,52.1,51.9,51.9,51.5,51.5,51.6,51.5,51.5,51.5,51.6,51.5,51.5,51.6,51.5,51.3,51.3,51.0,50.3,49.1,46.2,43.8,42.5,42.0,42.9,43.8,43.6,42.7,39.8,36.7,34.8,34.0,33.0,32.8,32.0,31.7,31.3,31.1,30.9,30.6,30.5,30.5,30.3,30.1,30.0,30.0,29.9,30.0,29.8,29.8,29.7,29.7,29.6,29.6,29.6,29.6,29.4,29.4,29.3,29.6,29.4,29.4,29.2,29.3,29.2,29.2,29.3,29.2,29.0,29.0,29.2,29.2,29.1,29.1,29.1,29.0,28.9,29.0,29.0,29.0,28.9,28.9,28.9
42,29.6,29.7,29.7,29.6,30.0,30.0,30.0,30.0,30.0,30.1,30.4,30.4,30.4,30.5,30.5,30.5,30.8,31.1,31.1,31.2,31.3,31.5,31.7,31.7,32.1,32.3,32.4,32.7,33.0,33.2,33.3,33.6,33.8,33.9,33.9,33.8,33.7,33.6,34.1,34.8,35.7,38.0,41.5,44.7,45.7,45.9,44.9,43.6,43.9,45.5,48.2,50.2,51.2,51.7,52.1,52.3,52.5,52.6,52.7,52.3,52.5,52.5,52.9,52.8,53.2,53.6,53.8,54.0,53.9,53.9,53.6,53.4,52.8,52.9,53.2,53.4,53.3,53.3,53.5,53.5,53.7,53.7,53.9,53.9,53.9,53.7,53.9,53.9,53.8,53.9,53.9,53.9,53.9,53.8,53.7,53.8,53.7,53.7,53.5,53.3,53.1,52.7,52.7,52.6,51.9,51.4,51.7,52.4,52.3,52.3,52.1,52.1,52.0,51.8,51.8,51.8,51.7,51.7,51.7,51.7,51.7,51.7,51.5,51.5,51.5,51.5,51.2,50.6,49.7,47.4,45.3,44.1,43.7,44.9,45.5,45.1,44.1,40.8,37.5,35.4,34.1,33.3,32.9,32.4,31.9,31.6,31.2,31.0,30.8,30.6,30.3,30.3,30.1,30.0,30.1,29.9,29.9,29.8,29.8,29.7,29.6,29.5,29.4,29.3,29.4,29.3,29.2,29.4,29.4,29.1,29.2,29.1,29.2,29.1,29.1,29.2,28.9,29.0,28.9,29.2,29.1,29.1,29.0,29.0,29.0,28.9,29.0,28.9,28.9,28.9,28.7,28.8
43,29.9,30.0,29.9,30.0,30.1,30.3,30.3,30.4,30.4,30.6,30.7,30.8,30.9,31.0,31.0,31.4,31.3,31.5,31.7,31.9,32.2,32.4,32.6,32.9,33.3,33.4,33.8,33.9,34.4,34.7,34.8,35.0,35.2,35.5,35.6,35.3,34.6,34.6,35.1,35.7,36.7,38.9,42.3,45.6,46.3,46.5,46.3,45.8,45.8,47.4,49.1,50.5,51.4,51.9,52.4,52.6,52.8,52.9,53.1,52.7,52.9,52.8,53.2,53.0,53.3,53.9,53.9,54.2,54.1,54.2,54.1,54.0,53.9,54.0,54.2,54.3,54.2,54.1,54.1,54.1,54.1,54.3,54.3,54.5,54.2,54.3,54.3,54.3,54.4,54.2,54.3,54.3,54.3,54.3,54.3,54.2,54.0,54.2,54.1,54.0,53.9,53.6,53.7,53.5,53.0,52.7,52.5,52.5,52.4,52.3,52.2,52.2,52.2,52.1,52.0,52.0,51.9,51.9,51.9,51.7,51.7,51.7,51.6,51.4,51.4,51.3,51.3,50.9,50.0,48.7,47.3,46.4,46.4,46.8,46.5,46.4,45.5,42.1,38.2,36.0,34.6,33.9,33.3,32.7,32.3,31.8,31.4,31.1,31.0,30.8,30.5,30.4,30.2,30.3,30.0,30.1,30.1,29.8,29.8,29.7,29.8,29.5,29.7,29.6,29.6,29.6,29.6,29.5,29.3,29.2,29.2,29.2,29.1,29.2,29.2,29.3,29.4,29.2,29.1,29.3,29.1,29.2,29.1,29.0,29.1,29.1,29.0,29.0,29.0,29.0,28.9,29.0
44,29.9,30.0,30.0,30.0,30.3,30.5,30.4,30.8,30.7,31.0,31.2,31.2,31.3,31.6,31.8,32.0,32.1,32.3,32.6,32.7,33.0,33.3,33.8,33.8,34.3,34.8,35.0,35.4,35.9,36.0,36.1,36.2,36.5,36.4,36.5,36.5,35.7,35.3,36.3,37.3,38.3,39.4,42.2,45.2,46.1,46.2,46.1,46.3,46.6,47.4,48.6,49.7,50.9,51.7,52.2,52.6,52.8,53.1,53.0,53.2,53.2,53.0,53.1,53.2,53.4,53.8,54.1,54.1,54.1,54.1,54.3,54.3,54.5,54.5,54.5,54.4,54.3,54.2,54.2,54.2,54.2,54.4,54.4,54.5,54.4,54.4,54.5,54.5,54.5,54.4,54.4,54.5,54.3,54.4,54.3,54.3,54.3,54.3,54.3,54.2,54.1,53.9,54.0,53.6,53.0,52.7,52.4,52.2,52.1,52.2,52.1,52.1,52.0,52.0,52.0,51.9,51.8,51.9,51.8,51.7,51.4,51.3,51.1,51.1,51.0,51.1,51.1,50.7,50.0,49.2,48.2,47.9,47.7,47.5,47.3,47.1,46.3,42.8,38.9,36.5,35.0,34.1,33.5,32.7,32.4,32.0,31.5,31.3,31.1,30.7,30.6,30.6,30.4,30.2,30.2,30.0,29.9,29.9,29.9,29.8,29.7,29.8,29.4,29.5,29.6,29.5,29.4,29.4,29.3,29.4,29.3,29.3,29.3,29.3,29.2,29.2,29.2,29.1,29.1,29.2,29.0,29.2,29.0,29.2,29.0,28.9,29.0,29.0,29.1,28.8,29.0,29.0
45,30.0,30.0,30.2,30.4,30.8,30.8,31.1,31.3,31.5,31.6,31.9,31.8,32.0,32.3,32.4,32.6,32.9,33.1,33.4,33.4,33.9,34.2,34.4,34.9,35.2,35.4,36.0,36.3,36.5,36.8,36.9,37.0,37.1,36.9,37.0,36.9,36.2,35.8,37.4,39.3,40.7,41.2,42.6,44.2,44.6,44.9,45.0,45.2,45.6,46.0,47.2,48.7,50.2,51.4,52.0,52.7,52.9,53.2,53.2,53.3,53.2,53.4,53.6,53.6,53.6,53.8,54.0,54.2,54.1,54.1,54.4,54.6,54.6,54.9,54.7,54.7,54.6,54.4,54.4,54.4,54.4,54.5,54.5,54.7,54.5,54.5,54.7,54.5,54.7,54.5,54.4,54.7,54.5,54.6,54.3,54.6,54.5,54.5,54.5,54.4,54.4,54.2,54.3,53.6,52.7,52.1,52.1,51.9,51.9,51.8,51.7,51.7,51.7,51.8,51.8,52.0,51.7,51.7,51.5,51.4,51.2,51.0,50.9,50.8,50.8,50.7,51.0,50.4,49.7,49.2,48.5,48.2,47.9,47.7,47.5,47.3,46.8,43.5,39.4,36.8,35.3,34.6,33.8,33.2,32.7,32.1,31.9,31.5,31.3,31.2,31.0,30.6,30.5,30.3,30.2,30.2,30.0,30.0,29.8,29.8,29.8,29.7,29.6,29.7,29.6,29.7,29.7,29.6,29.6,29.5,29.4,29.4,29.5,29.2,29.4,29.2,29.3,29.4,29.2,29.2,29.1,29.0,29.1,29.0,29.0,29.0,29.0,28.8,29.1,29.1,29.0,29.0
46,30.1,30.0,30.3,30.6,30.8,31.4,31.7,31.8,31.9,32.1,32.1,32.5,32.5,32.7,33.0,33.0,33.2,33.3,33.6,34.0,34.2,34.6,34.9,35.1,35.5,35.9,36.4,36.7,36.9,37.3,37.4,37.4,37.5,37.4,37.2,36.7,35.9,35.6,37.6,40.7,42.4,42.8,43.1,43.6,43.8,44.1,44.4,44.6,45.1,45.8,46.8,48.4,49.7,51.0,52.0,52.5,52.9,53.2,53.3,53.5,53.6,53.7,53.8,53.9,53.9,53.9,54.0,54.1,54.0,54.2,54.5,54.9,54.9,54.9,54.7,54.6,54.6,54.5,54.7,54.6,54.7,54.8,54.9,54.8,54.8,54.7,54.7,54.9,54.7,54.7,54.6,54.9,54.7,54.7,54.8,54.7,54.6,54.7,54.8,54.5,54.5,54.5,54.3,53.6,52.6,52.1,51.8,51.8,51.8,51.6,51.8,51.6,51.7,51.5,51.6,51.6,51.5,51.5,51.4,51.2,51.1,51.1,50.8,50.5,50.6,50.5,50.8,50.1,49.2,49.0,48.5,48.0,47.7,47.7,47.4,46.7,46.8,44.0,39.9,37.3,35.7,34.7,33.9,33.3,32.8,32.3,31.8,31.7,31.2,31.0,30.9,30.8,30.6,30.3,30.3,30.0,30.1,30.1,29.8,29.8,29.8,29.6,29.8,29.5,29.6,29.6,29.5,29.4,29.5,29.4,29.4,29.3,29.3,29.2,29.2,29.4,29.3,29.2,29.1,29.3,29.0,29.2,29.1,29.1,29.0,28.9,29.0,28.8,28.9,29.0,29.0,29.0
47,30.4,30.5,30.6,30.8,31.4,31.9,32.1,32.2,32.3,32.5,32.6,32.8,32.8,33.2,33.2,33.5,33.5,33.8,34.0,34.2,34.7,34.9,35.2,35.6,35.9,36.2,36.7,37.1,37.5,37.7,37.7,37.7,37.8,37.9,37.6,36.7,35.4,35.4,37.7,41.2,43.0,43.3,43.6,43.8,44.0,44.3,44.5,44.8,45.3,46.1,47.3,48.9,50.1,51.4,52.1,52.5,52.9,53.1,53.4,53.6,53.8,54.0,54.0,54.2,54.2,54.2,54.3,54.2,54.2,54.4,54.6,55.0,55.2,55.0,54.7,54.3,54.3,54.5,54.8,54.9,54.8,54.8,54.7,55.0,54.9,54.8,55.1,55.0,55.0,55.0,54.9,54.9,54.9,54.8,54.8,54.9,55.0,54.9,54.9,54.9,54.8,54.6,54.5,53.8,52.8,52.3,52.1,52.0,51.9,51.7,51.7,51.7,51.8,51.7,51.6,51.7,51.6,51.5,51.4,51.2,51.1,50.9,50.8,50.7,50.6,50.6,51.1,50.4,49.7,49.6,49.0,48.6,48.4,48.4,47.8,46.9,47.1,44.7,40.3,37.7,36.0,35.1,34.4,33.7,33.0,32.6,32.2,31.7,31.5,31.2,31.0,30.8,30.7,30.4,30.3,30.2,30.3,30.1,29.9,30.1,29.8,29.8,29.8,29.7,29.7,29.6,29.5,29.6,29.6,29.5,29.7,29.4,29.3,29.4,29.4,29.2,29.2,29.3,29.1,29.1,29.1,29.2,29.1,29.0,29.0,29.1,29.1,29.1,29.0,29.2,28.8,29.1
48,30.8,30.8,30.9,31.2,31.6,31.9,32.3,32.4,32.5,32.4,32.8,32.9,33.0,33.4,33.6,33.6,33.7,34.1,34.4,34.6,34.8,35.1,35.6,35.9,36.5,36.4,37.1,37.5,37.6,37.9,38.1,38.1,38.0,38.1,37.7,36.8,35.6,35.5,38.0,41.5,42.9,43.4,43.5,43.7,43.9,44.2,44.2,44.6,45.3,46.0,47.2,49.2,50.7,51.6,52.2,52.5,52.8,53.1,53.5,53.6,54.0,54.3,54.3,54.3,54.2,54.2,54.3,54.2,54.2,54.3,54.6,54.9,55.0,54.9,54.6,54.1,54.2,54.5,54.8,54.9,54.9,54.9,55.0,55.0,54.9,54.9,55.0,55.0,54.9,55.0,54.9,54.9,54.9,54.9,54.8,54.9,54.9,54.9,54.9,54.8,54.8,54.9,54.7,53.8,53.0,52.5,52.2,52.1,52.0,52.0,52.0,52.0,51.9,51.8,51.8,51.7,51.5,51.5,51.3,51.3,51.3,51.0,50.8,50.9,50.9,51.0,51.4,50.7,50.2,49.7,49.5,48.9,48.7,48.6,48.1,47.4,47.4,44.9,40.7,38.0,36.3,35.3,34.6,33.8,33.2,32.7,32.3,31.9,31.4,31.3,31.0,30.9,30.7,30.5,30.5,30.4,30.0,30.1,30.0,29.9,29.8,29.8,29.8,29.8,29.5,29.6,29.6,29.4,29.4,29.5,29.4,29.4,29.3,29.4,29.4,29.4,29.2,29.2,29.2,29.2,29.1,29.1,29.2,29.2,28.9,29.1,28.9,28.8,29.0,29.0,28.9,29.0
49,31.1,31.3,31.5,32.0,32.0,32.3,32.6,32.8,32.7,33.0,33.1,33.3,33.4,33.4,33.6,33.9,33.9,34.3,34.7,35.0,35.1,35.4,35.9,36.2,36.5,37.1,37.5,37.7,37.8,38.2,38.2,38.5,38.7,38.4,37.8,36.9,35.4,35.6,38.3,41.8,43.0,43.4,43.6,43.6,43.9,44.1,44.5,44.7,45.0,46.0,47.5,49.3,50.9,51.7,52.1,52.4,52.9,53.2,53.5,53.9,54.3,54.4,54.5,54.5,54.5,54.4,54.3,54.2,54.1,54.4,54.5,54.6,54.9,55.0,54.5,54.1,53.9,54.3,54.9,54.9,55.0,54.9,55.0,55.2,54.9,55.1,55.1,55.1,55.1,55.0,55.0,55.0,55.0,55.1,54.9,55.0,54.9,54.9,55.0,55.0,55.0,54.9,54.7,54.0,53.2,52.7,52.4,52.4,52.2,52.2,52.3,52.2,52.0,51.9,51.9,51.8,51.8,51.7,51.5,51.4,51.2,51.2,51.1,50.9,50.9,51.1,51.5,51.2,50.4,50.2,49.7,49.4,49.0,48.9,48.3,47.8,47.7,45.2,41.2,38.3,36.7,35.7,34.8,33.9,33.5,32.8,32.5,32.0,31.6,31.4,31.1,30.8,30.8,30.7,30.4,30.4,30.3,30.1,30.0,29.8,29.9,29.8,29.9,29.6,29.6,29.8,29.8,29.6,29.6,29.5,29.5,29.4,29.2,29.2,29.4,29.3,29.2,29.3,29.2,29.2,29.3,29.4,29.1,29.1,29.2,29.1,29.1,29.2,29.0,29.0,28.9,28.9
50,32.0,32.1,32.3,32.4,32.3,32.7,32.9,33.1,33.0,33.1,33.3,33.4,33.6,33.7,33.8,34.0,34.1,34.4,34.7,35.1,35.3,35.8,36.0,36.4,36.9,37.1,37.5,37.8,38.2,38.2,38.5,38.6,38.6,38.6,38.0,36.9,35.4,35.8,38.6,41.9,43.1,43.5,43.6,43.8,44.0,44.1,44.3,44.5,44.8,45.9,47.3,49.4,50.9,51.7,52.1,52.5,52.7,53.1,53.7,53.9,54.2,54.4,54.3,54.7,54.6,54.4,54.2,54.2,54.2,54.2,54.4,54.4,54.5,54.9,54.6,54.2,53.6,54.3,54.9,55.2,55.1,55.1,55.2,55.1,55.3,55.2,55.1,55.1,55.1,55.1,55.2,55.1,55.2,55.0,55.1,55.1,55.1,55.0,55.0,55.0,54.9,54.9,54.9,54.2,53.3,52.9,52.7,52.6,52.5,52.4,52.3,52.2,52.0,52.0,51.8,51.8,51.9,51.8,51.5,51.5,51.3,51.2,51.0,51.0,51.0,51.3,51.6,51.2,50.7,50.2,49.8,49.6,49.2,49.0,48.5,47.8,47.6,45.4,41.5,38.6,36.8,35.7,34.8,34.1,33.5,33.0,32.5,32.1,31.8,31.4,31.2,31.0,30.7,30.7,30.3,30.2,30.2,30.0,30.1,30.0,30.0,29.9,29.8,29.7,29.8,29.6,29.7,29.6,29.5,29.4,29.5,29.4,29.4,29.4,29.4,29.3,29.3,29.2,29.1,29.0,29.2,29.2,29.0,29.1,29.0,29.1,29.2,29.0,29.0,29.0,28.8,29.0
51,32.3,32.6,32.5,32.6,32.6,32.9,33.0,33.0,33.0,33.3,33.4,33.7,33.6,34.0,34.0,34.3,34.4,34.6,34.9,35.1,35.6,35.9,36.2,36.7,36.9,37.3,37.6,38.0,38.4,38.6,38.7,38.8,39.0,38.7,38.3,36.8,35.6,36.1,39.0,42.1,43.3,43.5,43.8,43.9,44.1,44.4,44.6,44.7,45.2,45.9,47.5,49.6,51.1,51.9,52.2,52.6,52.9,53.2,53.7,54.0,54.4,54.5,54.6,54.6,54.6,54.4,54.2,54.3,54.4,54.5,54.4,54.4,54.7,54.8,54.8,54.5,54.3,54.8,55.1,55.2,55.3,55.1,55.2,55.2,55.3,55.3,55.3,55.2,55.2,55.3,55.4,55.4,55.2,55.3,55.2,55.2,55.2,55.2,55.2,55.3,55.2,55.1,54.9,54.4,53.7,53.2,53.0,52.8,52.8,52.6,52.5,52.3,52.2,52.3,52.2,52.1,51.9,51.9,51.7,51.5,51.5,51.2,51.3,51.3,51.2,51.4,51.9,51.6,50.9,50.5,50.1,49.8,49.6,49.5,48.7,48.0,47.9,45.7,41.8,39.2,37.2,36.1,35.2,34.2,33.7,33.2,32.7,32.3,32.0,31.5,31.3,31.3,30.9,30.9,30.8,30.5,30.2,30.3,30.3,30.0,29.9,30.0,29.9,29.9,29.8,29.8,29.7,29.7,29.7,29.8,29.5,29.5,29.5,29.5,29.4,29.4,29.5,29.3,29.2,29.3,29.2,29.2,29.3,29.2,29.1,29.3,29.1,29.2,28.9,29.0,29.0,29.0
52,32.5,32.8,32.8,32.8,33.0,32.9,33.1,33.1,33.3,33.4,33.6,33.8,33.8,34.1,34.2,34.3,34.5,34.7,35.1,35.3,35.8,35.8,36.3,36.8,37.1,37.5,37.9,38.4,38.5,38.7,38.9,39.1,39.0,38.9,38.3,36.8,35.6,36.4,39.6,42.5,43.4,43.8,43.9,44.0,44.3,44.5,44.7,45.3,45.7,46.4,47.8,49.8,51.1,51.9,52.4,52.8,53.1,53.3,53.8,54.1,54.3,54.5,54.7,54.8,54.7,54.6,54.4,54.6,54.5,54.5,54.6,54.4,54.7,54.9,54.8,54.4,54.5,54.9,55.2,55.3,55.4,55.3,55.3,55.4,55.6,55.5,55.4,55.4,55.3,55.4,55.5,55.6,55.6,55.5,55.4,55.4,55.3,55.3,55.4,55.2,55.2,55.2,55.2,54.5,53.8,53.3,53.1,53.0,52.6,52.9,52.7,52.6,52.3,52.2,52.2,52.2,52.0,51.9,51.7,51.7,51.7,51.5,51.4,51.4,51.5,51.8,52.0,51.6,51.1,50.8,50.3,50.1,49.6,49.4,48.8,48.3,48.0,46.0,42.1,39.2,37.3,36.1,35.3,34.4,33.7,33.4,32.9,32.3,32.0,31.6,31.5,31.2,31.0,30.8,30.6,30.5,30.5,30.3,30.1,30.1,30.0,30.0,29.7,29.7,29.6,29.6,29.6,29.6,29.7,29.6,29.4,29.4,29.5,29.5,29.3,29.3,29.4,29.4,29.2,29.1,29.1,29.2,29.2,29.0,29.0,29.1,29.0,29.0,28.9,29.1,29.0,29.1
53,32.7,32.7,32.8,32.8,33.0,33.1,33.3,33.3,33.4,33.4,33.6,33.7,34.0,34.1,34.3,34.3,34.5,34.8,35.3,35.6,35.9,36.1,36.5,36.9,37.1,37.6,38.0,38.4,38.6,38.9,39.0,39.1,39.1,39.1,38.3,36.9,35.7,36.7,39.8,42.8,43.6,43.9,44.1,44.2,44.5,44.6,45.1,45.5,46.1,47.0,48.3,50.1,51.3,52.1,52.7,52.9,53.3,53.5,53.8,54.2,54.5,54.6,54.8,54.6,54.8,54.9,54.7,54.9,54.7,54.9,54.9,54.6,54.7,54.8,54.7,54.4,54.3,54.8,55.2,55.3,55.4,55.5,55.5,55.6,55.5,55.6,55.5,55.5,55.6,55.7,55.6,55.7,55.7,55.7,55.7,55.7,55.5,55.5,55.5,55.3,55.3,55.4,55.2,54.6,54.0,53.5,53.2,53.1,53.1,52.8,52.9,52.8,52.6,52.5,52.4,52.3,52.1,51.9,51.8,51.8,51.7,51.7,51.5,51.5,51.5,51.7,52.1,51.7,51.3,50.9,50.5,50.1,49.8,49.6,49.1,48.5,48.2,46.1,42.2,39.5,37.3,36.2,35.4,34.6,33.9,33.2,32.8,32.3,31.9,31.7,31.5,31.1,30.8,30.8,30.8,30.5,30.3,30.3,30.1,30.2,30.0,30.0,29.9,29.7,29.8,29.9,29.7,29.6,29.6,29.6,29.6,29.5,29.6,29.5,29.6,29.2,29.2,29.3,29.4,29.2,29.2,29.3,29.4,29.2,29.3,29.1,29.2,29.1,28.9,29.0,29.0,28.9
54,32.8,32.7,32.9,32.9,32.8,33.0,33.3,33.4,33.4,33.5,33.6,33.8,33.9,34.1,34.2,34.5,34.7,35.1,35.5,35.6,35.8,36.0,36.5,36.8,37.3,37.6,38.0,38.4,38.8,39.0,39.1,39.2,39.1,39.1,38.3,36.8,35.8,37.1,40.3,43.1,43.9,44.1,44.4,44.6,44.7,45.0,45.3,45.7,46.5,47.6,48.7,50.5,51.6,52.5,52.8,53.1,53.4,53.8,53.9,54.2,54.4,54.4,54.6,54.8,54.9,55.2,55.2,55.2,55.2,55.1,55.1,55.0,55.0,55.0,54.9,54.3,53.9,54.7,55.3,55.6,55.5,55.6,55.5,55.5,55.8,55.7,55.6,55.7,55.7,55.7,55.7,55.7,55.8,55.9,55.8,55.8,55.8,55.7,55.6,55.5,55.5,55.5,55.3,54.7,54.1,53.6,53.5,53.4,53.1,53.0,52.9,52.9,52.8,52.8,52.7,52.3,52.3,52.2,51.9,51.9,51.8,51.6,51.5,51.4,51.5,51.7,52.1,51.9,51.4,51.0,50.5,50.2,49.8,49.6,49.1,48.3,48.1,46.2,42.5,39.6,37.6,36.5,35.3,34.7,33.8,33.4,32.8,32.5,31.8,31.6,31.3,31.2,30.9,30.9,30.5,30.5,30.4,30.3,30.2,30.1,30.0,29.8,29.8,29.8,29.7,29.6,29.6,29.6,29.6,29.5,29.5,29.4,29.3,29.4,29.3,29.4,29.3,29.2,29.3,29.2,29.1,29.0,29.0,29.1,29.0,29.0,29.0,29.0,29.0,29.1,28.9,28.9
55,33.0,33.0,33.0,32.9,33.0,33.1,33.3,33.4,33.3,33.6,33.6,33.9,34.0,34.1,34.4,34.5,34.5,35.1,35.4,35.6,36.0,36.1,36.5,36.9,37.5,37.6,38.0,38.4,38.7,39.0,39.2,39.4,39.3,39.3,38.5,37.1,35.9,37.5,40.8,43.5,44.2,44.5,44.8,45.0,45.2,45.5,45.6,45.9,46.7,47.6,48.9,50.7,52.0,52.9,53.6,53.7,53.8,54.0,54.2,54.2,54.3,54.2,54.5,54.9,55.1,55.3,55.5,55.4,55.3,55.2,55.4,55.2,55.1,55.1,55.0,54.6,54.6,55.2,55.5,55.4,55.7,55.7,55.6,55.8,55.8,55.8,55.8,55.8,55.9,55.9,55.9,55.9,55.9,55.9,55.9,55.9,55.8,55.8,55.8,55.7,55.7,55.6,55.5,55.1,54.2,53.7,53.6,53.5,53.3,53.2,53.1,53.0,52.8,52.9,52.8,52.5,52.3,52.3,52.1,52.0,51.9,51.7,51.6,51.5,51.5,52.0,52.3,52.0,51.4,51.1,50.5,50.3,50.0,49.7,49.1,48.2,48.2,46.4,42.6,39.9,37.7,36.4,35.6,34.7,34.1,33.6,32.9,32.6,32.1,31.8,31.5,31.3,31.1,30.8,30.6,30.5,30.4,30.3,30.3,30.1,30.0,30.0,29.9,29.8,29.7,29.8,29.7,29.5,29.6,29.5,29.5,29.5,29.4,29.4,29.4,29.2,29.3,29.3,29.0,29.2,29.1,29.0,29.0,29.0,29.1,29.0,29.0,29.0,28.9,29.1,28.8,28.9
56,33.1,33.1,33.0,33.0,33.1,33.1,33.4,33.4,33.6,33.7,33.9,33.8,34.1,34.4,34.4,34.8,35.0,35.2,35.4,35.7,36.1,36.3,36.6,36.9,37.4,38.0,38.2,38.5,38.9,39.1,39.4,39.7,40.0,39.8,38.9,37.7,36.7,38.0,41.6,44.2,44.9,45.4,45.5,45.8,46.0,46.3,46.4,46.7,47.2,48.1,49.4,51.0,52.3,53.3,54.0,54.3,54.5,54.5,54.2,54.3,54.4,54.5,54.7,54.9,55.2,55.5,55.7,55.7,55.7,55.6,55.4,55.4,55.2,55.2,54.9,54.7,54.9,55.2,55.5,55.7,55.9,55.8,55.8,55.9,56.0,56.1,56.0,56.1,56.1,56.1,56.1,56.1,56.2,56.2,56.2,56.1,56.1,56.1,56.2,55.9,56.0,55.9,55.9,55.2,54.5,54.1,53.8,53.7,53.5,53.3,53.2,53.2,53.0,53.0,52.8,52.7,52.5,52.3,52.3,52.1,52.1,51.9,51.7,51.6,51.7,52.0,52.5,52.3,51.5,51.1,50.7,50.4,50.0,49.8,49.1,48.3,48.2,46.6,42.8,39.8,37.8,36.7,35.7,34.9,34.1,33.5,33.2,32.6,32.2,32.0,31.7,31.3,31.2,31.0,30.7,30.5,30.5,30.4,30.2,30.1,30.0,30.0,29.8,29.9,29.8,29.7,29.6,29.6,29.6,29.6,29.5,29.6,29.6,29.4,29.5,29.5,29.2,29.1,29.2,29.3,29.3,29.2,29.1,29.2,29.1,29.1,29.0,29.0,29.1,29.0,29.0,28.9
57,33.1,33.3,33.1,33.0,33.3,33.3,33.3,33.4,33.4,33.8,33.9,34.1,34.1,34.4,34.6,34.7,35.0,35.2,35.6,35.8,36.0,36.5,36.7,37.2,37.6,38.0,38.3,38.7,39.3,39.5,39.6,39.9,40.2,40.2,39.8,38.8,37.7,38.9,42.3,44.8,45.8,46.2,46.6,46.8,47.3,47.5,47.6,47.9,48.5,49.0,49.8,51.5,52.5,53.5,54.3,54.6,54.7,54.8,54.5,54.4,54.3,54.4,54.4,54.8,55.1,55.7,55.7,55.7,55.7,55.6,55.3,55.2,55.3,55.3,54.9,54.5,54.8,55.1,55.7,56.0,55.9,56.0,56.0,56.0,56.2,56.2,56.4,56.4,56.4,56.3,56.4,56.3,56.3,56.3,56.4,56.2,56.3,56.4,56.2,56.3,56.2,56.1,55.9,55.3,54.8,54.3,54.1,53.8,53.7,53.6,53.5,53.5,53.4,53.2,52.9,52.8,52.8,52.6,52.6,52.4,52.3,52.1,52.0,52.0,51.8,52.0,52.5,52.3,51.7,51.2,50.9,50.5,50.1,49.7,49.0,48.4,48.3,46.6,42.9,40.0,38.0,36.7,35.7,34.9,34.4,33.6,33.1,32.7,32.2,32.0,31.7,31.5,31.2,30.9,30.9,30.6,30.3,30.5,30.5,30.3,30.2,30.0,29.8,29.8,29.9,29.6,29.6,29.6,29.6,29.4,29.7,29.5,29.5,29.5,29.4,29.5,29.3,29.3,29.1,29.3,29.1,29.2,29.2,29.2,29.2,29.0,29.0,29.0,28.8,29.1,29.0,29.0
58,33.1,33.3,33.0,33.3,33.3,33.5,33.5,33.7,33.7,33.9,34.1,33.9,34.4,34.6,34.8,35.0,35.2,35.6,35.8,35.9,36.3,36.7,37.0,37.3,37.8,38.1,38.7,39.0,39.3,39.6,40.1,40.2,40.4,40.7,40.7,40.1,39.5,40.1,42.8,45.1,46.5,47.4,48.1,48.5,48.9,49.2,49.3,49.5,49.9,50.0,50.6,51.8,52.8,53.6,54.2,54.7,54.7,54.7,54.8,54.8,54.7,54.8,54.7,54.8,55.0,55.2,55.5,55.5,55.5,55.4,55.3,55.4,55.4,55.5,55.2,54.6,54.5,55.4,56.0,56.1,56.3,56.2,56.1,56.2,56.3,56.4,56.5,56.5,56.5,56.3,56.5,56.5,56.5,56.6,56.6,56.6,56.4,56.5,56.5,56.4,56.4,56.4,56.3,55.5,54.9,54.6,54.2,54.3,54.1,54.1,53.8,53.6,53.7,53.5,53.4,53.1,52.9,52.8,52.8,52.7,52.4,52.2,52.3,52.1,52.2,52.1,52.7,52.4,51.8,51.3,51.0,50.4,50.0,49.7,48.8,48.4,48.2,46.7,43.1,40.1,38.2,36.7,35.8,35.1,34.3,33.8,33.2,32.8,32.5,31.9,31.6,31.3,31.1,30.9,30.8,30.7,30.4,30.4,30.4,30.3,30.1,30.1,30.0,30.0,29.8,29.7,29.7,29.8,29.8,29.6,29.5,29.5,29.7,29.3,29.4,29.5,29.4,29.3,29.2,29.2,29.2,29.2,29.1,29.1,29.0,29.2,28.9,29.0,29.2,29.0,28.7,29.0
59,32.9,33.0,33.1,33.2,33.3,33.5,33.4,33.5,33.9,33.9,33.9,34.2,34.5,34.5,35.0,35.0,35.3,35.6,35.8,36.2,36.5,36.8,37.2,37.6,37.9,38.2,38.7,39.2,39.6,39.7,40.2,40.5,40.8,41.1,41.1,40.9,40.4,40.5,42.3,44.8,46.8,48.4,49.5,50.0,50.4,50.9,51.0,51.0,51.1,51.3,51.7,52.1,52.9,53.6,54.3,54.5,54.8,54.6,54.7,54.7,54.6,54.8,54.8,54.8,54.9,55.1,55.1,55.2,55.2,55.2,55.3,55.4,55.6,55.8,55.6,55.5,55.4,55.9,56.0,56.2,56.2,56.3,56.3,56.5,56.4,56.5,56.6,56.7,56.7,56.8,56.6,56.8,56.7,56.8,56.7,56.6,56.6,56.8,56.6,56.6,56.8,56.6,56.2,55.7,55.2,54.9,54.8,54.5,54.5,54.3,54.1,54.2,53.9,53.8,53.6,53.5,53.3,53.1,53.1,53.1,52.7,52.5,52.4,52.4,52.3,52.5,52.8,52.5,51.7,51.5,51.1,50.6,50.2,49.6,49.1,48.2,48.2,46.8,43.1,40.3,38.2,36.8,36.0,35.1,34.5,33.8,33.4,32.9,32.5,32.1,31.8,31.5,31.3,31.1,30.9,30.7,30.5,30.4,30.4,30.1,30.0,30.2,30.0,30.0,29.9,29.7,29.8,29.6,29.7,29.5,29.5,29.5,29.6,29.5,29.6,29.5,29.4,29.2,29.4,29.2,29.2,29.2,29.3,29.1,29.0,29.0,29.1,29.2,29.0,29.0,29.0,29.0
60,32.4,32.5,32.6,33.0,33.2,33.4,33.5,33.8,33.8,34.0,34.2,34.3,34.5,34.9,35.0,35.1,35.4,35.6,36.0,36.1,36.6,37.0,37.3,37.6,38.2,38.5,38.7,39.2,39.7,40.1,40.4,40.5,40.9,41.2,41.2,41.0,40.3,39.8,40.8,43.1,45.9,49.0,50.9,51.4,51.6,52.0,52.3,52.2,52.4,52.2,52.4,52.7,53.0,53.8,54.3,54.6,54.8,54.6,54.8,54.8,55.0,55.0,55.0,54.9,54.9,54.9,55.2,55.1,54.9,55.2,55.4,55.5,55.7,55.9,56.0,56.0,56.2,56.3,56.3,56.3,56.4,56.4,56.5,56.6,56.7,56.8,56.8,56.9,56.9,57.0,57.0,57.0,56.9,57.0,57.0,56.9,56.8,57.1,57.0,56.8,56.9,56.9,56.5,56.2,55.7,55.5,55.3,55.0,55.1,54.9,54.9,54.7,54.5,54.3,54.2,54.0,53.8,53.8,53.5,53.3,53.3,53.2,53.0,52.9,52.9,52.9,52.9,52.5,51.9,51.5,51.1,50.7,50.1,49.7,49.2,48.4,48.3,46.8,43.3,40.4,38.2,36.9,35.8,35.1,34.5,33.9,33.4,33.0,32.6,32.1,31.8,31.4,31.2,31.2,30.9,30.7,30.6,30.4,30.3,30.2,30.3,30.1,30.0,29.9,30.0,29.7,29.6,29.7,29.8,29.5,29.5,29.5,29.6,29.6,29.5,29.5,29.4,29.4,29.2,29.3,29.3,29.2,29.2,29.1,29.1,29.1,29.1,29.0,29.0,29.0,29.1,29.0
61,31.7,32.0,32.4,32.8,33.3,33.5,33.7,33.9,34.0,34.1,34.4,34.5,34.7,35.0,35.0,35.3,35.4,35.7,36.1,36.3,36.4,36.9,37.1,37.6,37.8,38.2,38.7,39.1,39.4,39.8,39.9,40.3,40.6,40.8,41.0,40.7,40.1,39.9,40.5,42.7,45.6,49.3,51.4,52.0,52.3,52.6,52.8,52.7,52.9,52.9,53.0,53.2,53.5,54.0,54.6,54.8,55.0,54.8,54.9,55.1,55.2,55.4,55.5,55.5,55.3,55.5,55.4,55.5,55.3,55.4,55.5,55.8,55.9,56.0,56.3,56.2,56.4,56.3,56.5,56.6,56.7,56.6,56.6,56.7,57.0,57.0,57.1,57.2,57.1,57.3,57.1,57.2,57.1,57.2,57.2,57.3,57.4,57.2,57.2,57.1,57.0,57.0,56.8,56.5,56.3,56.1,55.9,56.0,55.8,55.8,55.6,55.4,55.2,55.0,54.8,54.7,54.4,54.2,54.0,53.8,53.7,53.6,53.5,53.4,53.3,53.1,53.3,52.8,52.1,51.8,51.3,50.8,50.3,49.7,49.1,48.3,48.5,47.0,43.4,40.2,38.1,36.9,36.1,35.2,34.6,33.9,33.4,32.8,32.6,32.3,32.0,31.5,31.4,31.1,30.9,30.6,30.5,30.6,30.3,30.2,30.2,30.1,30.0,29.9,29.8,29.9,29.8,29.6,29.7,29.5,29.6,29.6,29.5,29.4,29.7,29.4,29.4,29.3,29.3,29.4,29.1,29.2,29.2,29.1,29.1,29.2,29.1,29.1,29.2,29.1,29.0,29.0
62,31.9,31.9,32.0,32.5,33.2,33.3,33.8,33.6,33.9,34.1,34.3,34.3,34.5,34.9,34.9,35.1,35.3,35.7,35.7,36.1,36.2,36.6,36.8,37.2,37.3,37.7,37.9,38.3,38.6,39.0,39.4,39.6,39.9,40.2,40.3,40.3,39.8,40.0,41.0,42.9,46.0,49.7,51.6,52.1,52.4,52.5,52.7,52.8,53.0,53.1,53.2,53.5,53.7,54.1,54.7,55.1,55.3,55.5,55.3,55.4,55.9,56.3,56.5,56.3,56.3,56.2,56.3,56.1,55.8,55.9,55.9,55.9,56.1,56.3,56.5,56.5,56.6,56.7,56.6,56.6,56.8,56.8,57.0,57.1,57.2,57.2,57.5,57.5,57.3,57.4,57.6,57.4,57.6,57.5,57.4,57.6,57.4,57.5,57.5,57.4,57.3,57.3,57.1,57.0,57.1,56.9,56.7,56.7,56.5,56.4,56.3,56.1,55.9,55.8,55.5,55.2,54.9,54.8,54.5,54.4,54.2,54.2,53.9,53.8,53.8,53.6,53.5,52.8,52.2,51.9,51.4,51.0,50.4,49.9,49.2,48.7,48.3,46.9,43.4,40.4,38.2,36.9,36.0,35.2,34.6,34.0,33.5,33.0,32.5,32.3,32.0,31.6,31.5,31.1,31.1,30.8,30.6,30.6,30.5,30.2,30.1,30.2,30.1,30.1,30.0,29.6,29.8,29.7,29.6,29.7,29.7,29.5,29.6,29.5,29.7,29.4,29.4,29.4,29.3,29.3,29.4,29.1,29.2,29.2,29.2,29.1,29.2,29.2,29.1,29.2,29.0,29.1
63,31.8,32.1,31.9,32.3,33.0,33.3,33.4,33.3,33.7,33.7,34.0,34.1,34.1,34.4,34.7,34.6,34.9,35.0,35.3,35.5,35.7,35.9,36.0,36.1,36.4,36.7,36.9,37.2,37.3,37.7,37.9,38.2,38.6,39.0,39.2,39.4,39.7,40.1,41.2,43.5,46.4,50.2,51.8,52.3,52.6,52.8,52.9,53.0,53.2,53.1,53.5,53.7,53.9,54.5,55.1,55.7,55.9,56.1,56.1,56.4,57.0,57.4,57.7,57.7,57.3,57.0,56.8,56.7,56.6,56.4,56.5,56.4,56.4,56.3,56.5,56.7,56.7,56.8,56.8,56.9,57.0,57.1,57.2,57.3,57.3,57.5,57.6,57.6,57.8,57.6,57.7,57.8,57.6,57.8,57.8,57.8,57.9,57.8,57.9,57.7,57.6,57.6,57.5,57.4,57.3,57.4,57.2,57.0,57.1,57.0,56.7,56.6,56.4,56.3,56.0,55.7,55.5,55.1,54.8,54.6,54.6,54.4,54.4,54.2,53.9,53.9,53.6,52.9,52.2,51.9,51.5,50.9,50.3,50.0,49.3,48.6,48.4,47.0,43.5,40.4,38.4,36.9,36.0,35.4,34.8,34.0,33.6,33.2,32.6,32.4,31.9,31.8,31.4,31.2,31.1,30.9,30.8,30.7,30.5,30.4,30.2,30.2,30.1,30.0,29.8,29.8,29.8,29.7,29.8,29.7,29.6,29.6,29.5,29.6,29.5,29.4,29.5,29.4,29.3,29.3,29.2,29.2,29.2,29.4,29.4,29.2,29.2,29.1,29.4,29.3,29.1,29.0
64,31.6,31.7,32.0,32.0,32.4,32.5,32.9,33.2,33.0,33.2,33.4,33.4,33.4,33.7,33.8,33.8,34.0,34.4,34.5,34.8,35.1,35.1,35.5,35.7,35.7,36.1,36.2,36.4,36.8,37.1,37.4,37.7,38.0,38.5,38.7,39.2,39.5,40.2,41.5,43.8,47.1,50.5,52.0,52.2,52.5,52.6,52.7,52.9,53.1,53.2,53.4,53.7,54.1,54.9,55.8,56.5,56.8,57.0,57.0,57.1,57.6,58.2,59.0,58.8,58.4,57.9,57.3,57.0,56.9,56.8,56.7,56.6,56.6,56.6,56.7,56.7,56.8,56.7,57.0,57.1,57.1,57.2,57.2,57.4,57.5,57.8,57.7,58.0,57.9,58.0,58.0,58.1,58.1,58.0,58.1,58.2,58.3,58.1,58.1,58.1,58.1,57.8,57.9,57.8,57.7,57.6,57.5,57.3,57.2,57.1,57.0,56.9,56.5,56.4,56.0,55.7,55.3,55.3,55.0,54.9,54.7,54.4,54.3,54.2,54.0,53.7,53.5,52.8,52.1,51.9,51.2,50.9,50.5,49.9,49.3,48.7,48.4,47.2,43.5,40.7,38.4,36.9,36.1,35.3,34.6,34.1,33.6,33.2,32.7,32.4,32.1,31.7,31.5,31.2,31.1,30.9,30.8,30.6,30.5,30.4,30.2,30.2,30.2,30.0,29.8,30.0,29.9,29.8,29.7,29.8,29.6,29.5,29.5,29.4,29.5,29.4,29.5,29.3,29.4,29.4,29.2,29.4,29.2,29.2,29.1,29.0,29.3,29.2,29.3,29.2,29.1,29.0
65,31.8,31.7,31.9,32.0,32.3,32.3,32.6,32.6,32.8,33.0,33.0,33.1,33.4,33.5,33.6,33.8,33.9,34.2,34.4,34.6,34.9,35.1,35.5,35.8,35.9,36.2,36.4,36.8,37.1,37.3,37.6,38.0,38.4,38.6,38.8,39.3,39.7,40.4,41.7,44.0,47.5,50.7,52.0,52.3,52.5,52.7,52.8,52.8,53.2,53.3,53.6,53.8,54.4,55.7,56.8,57.6,58.0,57.9,57.7,57.5,57.9,58.6,59.2,59.1,58.6,57.9,57.4,57.1,56.9,56.9,56.8,56.9,56.7,56.7,56.8,56.7,56.8,56.8,57.0,57.1,57.4,57.3,57.6,57.6,57.9,58.0,58.0,58.2,58.2,58.3,58.4,58.4,58.4,58.5,58.6,58.6,58.5,58.6,58.5,58.3,58.3,58.2,58.2,58.0,58.0,57.8,57.6,57.4,57.4,57.2,57.0,56.9,56.6,56.3,56.0,55.9,55.6,55.2,54.9,54.6,54.6,54.5,54.3,54.1,53.9,53.8,53.5,52.9,52.1,51.7,51.3,50.8,50.4,49.9,49.3,48.5,48.5,47.3,43.7,40.7,38.6,37.0,36.1,35.3,34.6,34.1,33.7,33.2,32.8,32.4,32.0,31.8,31.4,31.3,31.3,30.9,30.7,30.7,30.5,30.5,30.2,30.1,30.1,30.0,29.9,29.9,29.8,29.7,29.7,29.7,29.6,29.6,29.6,29.6,29.5,29.5,29.4,29.4,29.2,29.2,29.3,29.4,29.2,29.0,29.2,29.1,29.2,29.1,29.1,29.1,29.1,29.1
66,31.7,31.9,31.8,31.9,32.1,32.2,32.5,32.6,32.8,32.9,33.1,33.4,33.4,33.6,33.7,34.0,34.2,34.4,34.9,35.1,35.4,35.8,36.1,36.4,36.8,37.1,37.3,37.6,37.7,38.1,38.2,38.4,38.9,39.2,39.3,39.5,39.7,40.5,41.8,44.2,47.6,50.8,51.9,52.3,52.5,52.6,52.6,52.8,53.2,53.3,53.8,54.2,54.7,56.3,57.8,59.0,59.2,58.7,58.1,57.7,57.7,58.3,58.7,58.9,58.4,57.8,57.4,57.1,57.0,56.8,56.7,56.8,56.7,56.6,56.8,57.0,57.0,57.0,57.1,57.3,57.4,57.6,57.8,58.1,58.2,58.4,58.6,58.6,58.7,58.7,58.7,58.9,59.0,58.9,59.0,59.0,59.1,59.0,58.9,58.8,58.7,58.6,58.5,58.5,58.4,58.4,58.1,57.8,57.7,57.5,57.3,57.1,56.8,56.5,56.1,56.0,55.7,55.4,55.1,54.8,54.6,54.4,54.3,54.1,54.1,53.8,53.5,52.9,52.1,51.7,51.3,50.9,50.4,50.0,49.3,48.8,48.6,47.4,43.9,40.9,38.6,37.0,36.1,35.3,34.8,34.1,33.8,33.1,32.7,32.4,31.9,31.8,31.6,31.4,31.0,31.0,30.9,30.8,30.5,30.4,30.3,30.2,30.2,30.0,30.0,29.9,29.8,29.8,29.9,29.6,29.7,29.5,29.6,29.6,29.5,29.6,29.4,29.3,29.2,29.2,29.2,29.2,29.2,29.2,29.2,29.1,29.1,29.2,29.0,29.1,29.0,29.1
67,31.7,31.9,32.0,32.0,32.1,32.3,32.5,32.7,32.8,33.2,33.4,33.7,33.9,34.0,34.4,34.8,35.0,35.4,35.8,36.1,36.4,36.9,37.4,37.6,38.0,38.2,38.7,38.9,39.1,39.4,39.4,39.8,40.2,40.5,40.4,40.1,40.1,40.7,42.1,44.5,47.8,50.8,51.8,52.3,52.4,52.5,52.5,52.7,52.9,53.2,53.7,54.2,55.2,56.5,58.2,59.7,59.8,59.3,58.3,57.6,57.6,58.1,58.2,58.1,57.8,57.6,57.2,57.1,56.8,56.9,56.9,56.7,56.7,56.8,57.0,57.1,57.1,57.2,57.2,57.3,57.6,58.0,58.0,58.5,58.7,58.9,59.1,59.3,59.3,59.4,59.5,59.6,59.6,59.6,59.8,59.8,59.7,59.7,59.7,59.6,59.5,59.4,59.3,59.1,59.1,59.1,58.8,58.7,58.6,58.2,57.7,57.4,56.9,56.7,56.3,56.0,55.8,55.5,55.1,54.9,54.6,54.5,54.3,54.2,54.0,53.8,53.4,52.8,52.0,51.6,51.3,50.7,50.5,49.9,49.5,48.7,48.5,47.4,44.0,40.9,38.7,37.1,36.1,35.5,34.8,34.1,33.6,33.3,32.8,32.4,32.0,31.8,31.6,31.3,31.1,30.9,30.9,30.6,30.5,30.5,30.4,30.2,30.0,30.1,30.0,29.8,29.8,29.7,29.7,29.6,29.7,29.7,29.8,29.4,29.6,29.6,29.2,29.6,29.4,29.4,29.3,29.4,29.1,29.2,29.3,29.2,29.2,29.0,29.2,29.2,29.1,29.0
68,32.0,31.8,32.0,32.1,32.5,32.6,32.8,33.0,33.1,33.7,33.9,34.4,34.7,35.1,35.5,35.9,36.1,36.6,37.2,37.4,37.7,38.1,38.6,38.8,39.2,39.5,39.7,40.0,40.1,40.1,40.1,40.2,40.5,41.1,41.4,41.0,40.6,40.9,42.3,44.7,47.7,50.5,51.7,51.7,52.1,52.1,52.2,52.4,52.6,53.1,53.7,54.2,55.0,56.5,58.3,59.7,59.9,59.2,58.3,57.6,57.8,58.1,58.2,58.2,57.8,57.5,57.3,57.1,57.1,56.8,57.0,56.8,56.9,56.9,57.0,57.1,57.2,57.3,57.4,57.6,57.8,58.1,58.5,59.0,59.5,59.9,60.2,60.3,60.4,60.5,60.6,60.7,60.7,60.7,60.8,61.0,60.9,61.0,60.9,60.8,60.7,60.5,60.4,60.4,60.3,60.4,60.1,59.8,59.6,59.0,58.3,57.5,57.1,57.0,56.5,56.3,55.9,55.5,55.3,54.9,54.9,54.5,54.4,54.2,54.0,53.7,53.5,52.8,52.2,51.8,51.3,50.8,50.4,50.2,49.6,49.1,48.7,47.6,44.1,41.2,38.8,37.2,36.3,35.4,34.8,34.4,33.8,33.1,32.9,32.4,32.1,31.9,31.6,31.3,31.2,31.1,30.9,30.7,30.6,30.5,30.5,30.2,30.2,30.1,30.0,30.0,29.9,29.8,29.9,29.8,29.8,29.7,29.6,29.6,29.6,29.6,29.6,29.5,29.4,29.5,29.4,29.4,29.4,29.4,29.2,29.2,29.2,29.2,29.1,29.1,29.0,28.9
69,32.0,32.1,32.3,32.4,32.7,33.1,33.3,33.4,33.8,34.1,34.6,35.0,35.5,35.8,36.3,36.7,37.1,37.3,37.8,38.0,38.2,38.6,38.9,39.3,39.6,39.9,40.0,40.0,40.1,40.2,40.3,40.4,40.8,41.4,41.9,42.0,41.6,41.6,42.6,44.5,47.1,49.5,50.4,50.7,50.9,51.1,51.2,51.3,51.9,52.5,53.1,54.0,54.9,56.2,57.8,59.1,59.3,59.0,58.2,57.6,58.1,58.4,58.7,58.8,58.4,57.7,57.3,57.1,57.0,57.0,56.8,56.9,56.8,57.1,57.0,57.3,57.3,57.3,57.6,57.8,58.0,58.4,59.1,60.0,60.7,61.3,61.5,61.6,61.7,61.8,61.9,62.0,62.0,62.1,62.2,62.2,62.4,62.4,62.3,62.3,62.2,62.2,61.9,61.9,61.8,61.9,61.8,61.6,61.1,60.0,59.0,58.0,57.5,56.9,56.8,56.4,56.0,55.8,55.4,55.1,54.9,54.5,54.6,54.3,54.1,54.0,53.6,53.0,52.3,51.6,51.2,50.7,50.6,50.3,49.6,49.1,48.8,47.7,44.4,41.3,38.8,37.3,36.4,35.4,34.8,34.2,33.8,33.1,32.8,32.5,32.2,32.0,31.7,31.5,31.2,31.1,30.8,30.8,30.7,30.6,30.5,30.3,30.3,30.0,30.0,30.2,30.0,30.0,29.8,29.8,29.8,29.8,29.7,29.7,29.6,29.5,29.5,29.5,29.3,29.3,29.4,29.3,29.2,29.4,29.4,29.3,29.2,29.1,29.3,28.9,29.2,29.0
70,32.1,32.4,32.4,32.9,33.4,33.4,33.9,34.2,34.4,35.0,35.3,35.5,35.9,36.3,36.6,36.8,37.3,37.6,37.8,38.3,38.5,38.9,39.1,39.6,39.7,40.0,40.2,40.4,40.3,40.4,40.4,40.7,40.8,41.2,41.8,42.2,42.3,42.5,43.1,44.0,45.9,47.6,48.3,48.8,49.1,49.3,49.4,49.8,50.5,51.2,52.3,53.5,54.3,55.4,56.8,58.0,58.4,58.2,57.8,57.7,58.1,58.8,59.3,59.3,58.6,57.8,57.3,57.2,56.7,56.7,56.7,56.8,57.0,57.0,57.0,57.1,57.3,57.3,57.6,58.0,58.2,58.5,59.5,60.8,61.9,62.6,62.9,62.9,63.1,63.0,62.9,63.2,63.4,63.5,63.6,63.6,63.6,63.7,63.7,63.8,63.8,63.6,63.6,63.6,63.5,63.6,63.4,63.2,62.7,61.3,59.5,58.2,57.6,57.1,56.7,56.4,56.1,55.6,55.4,55.0,54.8,54.5,54.5,54.2,54.1,53.8,53.6,53.1,52.3,51.7,51.2,51.1,50.6,50.3,49.9,49.2,49.2,47.8,44.4,41.3,39.0,37.4,36.3,35.5,34.9,34.3,33.6,33.2,32.8,32.4,32.1,31.8,31.7,31.4,31.1,30.9,30.9,30.7,30.7,30.3,30.4,30.2,30.1,30.1,30.0,30.0,29.9,29.8,29.8,29.6,29.8,29.5,29.6,29.6,29.4,29.6,29.6,29.4,29.4,29.6,29.2,29.2,29.3,29.2,29.3,29.1,28.9,29.1,29.2,29.1,29.0,29.0
71,32.5,32.8,33.2,33.4,33.9,34.2,34.5,34.8,35.0,35.3,35.6,35.7,36.1,36.4,36.7,37.2,37.5,37.8,38.0,38.4,38.6,39.1,39.4,39.6,39.6,40.1,40.2,40.3,40.5,40.6,40.4,40.5,40.9,41.0,41.5,42.3,42.7,43.4,44.1,44.4,45.0,45.5,45.9,46.3,46.7,47.1,47.5,47.9,48.9,50.0,51.4,52.8,53.8,54.9,55.5,56.3,57.0,57.1,57.1,57.1,57.7,58.5,59.0,58.9,58.4,57.7,57.1,56.9,56.8,56.8,56.8,56.8,56.9,56.9,57.2,57.3,57.5,57.6,57.8,57.9,58.4,58.9,60.0,61.4,62.8,63.4,63.5,63.6,63.6,63.6,63.8,63.7,64.0,64.1,64.1,64.3,64.4,64.3,64.4,64.4,64.6,64.5,64.5,64.6,64.6,64.3,64.0,64.0,63.4,62.0,59.9,58.7,57.6,57.3,56.8,56.5,56.2,55.9,55.6,55.2,55.0,54.7,54.5,54.3,54.0,53.8,53.7,53.0,52.2,51.8,51.3,50.9,50.6,50.3,50.0,49.1,48.9,47.7,44.5,41.6,39.1,37.5,36.4,35.6,34.7,34.2,33.8,33.3,33.0,32.6,32.3,32.0,31.5,31.5,31.3,31.1,30.9,30.9,30.7,30.5,30.4,30.1,30.1,30.1,30.1,30.0,29.9,29.8,29.7,29.9,29.8,29.7,29.6,29.6,29.6,29.5,29.3,29.4,29.3,29.5,29.2,29.4,29.3,29.1,29.2,29.2,29.3,29.0,29.2,29.2,29.2,29.1
72,33.2,33.4,33.9,34.1,34.1,34.5,34.7,35.1,35.0,35.4,35.7,35.9,36.2,36.7,36.7,37.2,37.7,37.8,38.2,38.4,38.7,39.2,39.5,39.7,40.1,40.3,40.4,40.6,40.7,40.8,41.0,40.7,40.9,41.0,41.2,41.6,42.0,43.6,44.5,44.5,44.3,44.0,44.1,44.6,45.6,46.3,46.6,47.0,47.9,49.3,51.0,52.3,53.6,54.2,54.9,55.4,55.9,56.3,56.3,56.6,57.0,57.6,58.1,58.2,57.6,57.3,56.8,56.7,56.6,56.6,56.8,56.7,56.8,57.0,57.0,57.3,57.4,57.6,57.9,58.1,58.4,59.1,60.3,62.0,63.2,63.7,63.7,63.9,63.8,64.0,64.1,64.2,64.4,64.3,64.4,64.5,64.6,64.7,64.7,64.8,64.8,64.9,64.8,64.9,64.8,64.6,64.4,64.1,63.6,62.3,60.3,58.8,57.9,57.4,56.9,56.6,56.2,55.8,55.6,55.3,55.0,54.7,54.6,54.2,54.1,53.9,53.8,53.1,52.1,51.8,51.3,51.1,50.6,50.5,49.9,49.2,48.8,47.8,44.5,41.5,39.0,37.6,36.5,35.7,34.9,34.4,33.7,33.3,32.8,32.7,32.3,32.0,31.6,31.5,31.3,31.0,31.0,30.8,30.7,30.5,30.5,30.4,30.2,30.1,29.9,30.1,30.0,29.9,30.0,29.8,29.6,29.7,29.6,29.6,29.6,29.7,29.6,29.5,29.3,29.5,29.2,29.2,29.3,29.2,29.4,29.3,29.2,29.2,29.1,29.1,29.0,29.1
73,33.7,33.9,34.0,34.2,34.5,34.8,35.0,35.0,35.3,35.4,35.8,36.1,36.4,36.6,37.2,37.2,37.7,37.9,38.4,38.7,39.0,39.3,39.8,40.0,40.2,40.4,40.5,40.8,40.8,40.9,40.7,40.9,40.9,41.1,41.1,41.4,42.0,43.7,44.3,44.4,44.2,44.1,44.3,44.8,45.5,46.0,46.3,46.8,47.6,48.9,50.5,52.4,53.2,54.0,54.6,55.0,55.3,55.4,55.5,55.8,56.1,56.6,57.0,57.0,56.8,56.7,56.6,56.5,56.7,56.6,56.6,56.8,56.9,57.0,57.1,57.4,57.5,57.8,58.0,58.2,58.6,59.3,60.4,62.1,63.5,64.1,64.1,64.1,64.1,63.9,64.1,64.2,64.4,64.5,64.6,64.6,64.8,65.0,65.0,64.9,65.0,65.0,65.2,65.1,65.0,64.9,64.6,64.3,63.7,62.3,60.4,59.0,58.0,57.5,57.0,56.6,56.4,56.0,55.5,55.5,55.1,54.8,54.5,54.2,54.2,53.9,53.7,53.1,52.3,51.8,51.4,50.9,50.6,50.3,49.9,49.2,48.8,47.8,44.6,41.8,39.1,37.7,36.6,35.7,35.0,34.3,33.7,33.2,32.9,32.6,32.1,32.0,31.7,31.6,31.2,31.0,31.0,30.8,30.8,30.5,30.5,30.2,30.2,30.3,30.0,30.1,30.0,29.9,29.8,29.9,29.8,29.7,29.8,29.6,29.6,29.6,29.7,29.5,29.4,29.4,29.4,29.4,29.3,29.3,29.2,29.2,29.2,29.2,29.2,29.1,29.0,29.2
74,33.8,33.9,34.1,34.3,34.6,34.7,34.9,35.1,35.1,35.6,35.9,36.1,36.4,36.8,37.0,37.3,37.7,38.1,38.4,38.7,39.0,39.3,39.8,40.1,40.4,40.5,40.7,40.8,41.0,41.1,41.0,41.1,41.2,41.2,41.2,41.4,42.2,43.7,44.1,44.4,44.2,43.7,43.7,44.4,45.2,45.8,46.2,46.6,47.2,48.6,50.2,52.0,53.2,53.9,54.4,54.6,54.9,55.1,55.2,55.3,55.6,55.9,56.1,56.2,56.3,56.2,56.2,56.3,56.4,56.3,56.6,56.8,56.9,57.1,57.3,57.4,57.4,57.8,58.0,58.3,58.6,59.4,60.5,62.3,63.5,64.1,64.3,64.2,64.2,64.1,64.3,64.3,64.6,64.6,64.7,64.8,64.8,64.9,65.0,65.0,65.1,65.4,65.2,65.2,65.0,64.9,64.8,64.6,63.8,62.3,60.4,59.1,57.9,57.5,56.9,56.7,56.3,56.0,55.7,55.3,55.1,54.7,54.7,54.3,54.1,53.9,53.7,53.1,52.3,51.7,51.4,51.1,50.6,50.3,49.7,49.2,48.7,47.8,44.7,41.7,39.2,37.7,36.6,35.7,35.0,34.4,34.0,33.3,32.9,32.6,32.0,32.0,31.7,31.4,31.3,31.1,31.1,30.9,30.7,30.5,30.4,30.4,30.1,30.2,29.9,30.0,30.1,29.8,29.9,29.8,29.9,29.7,29.8,29.7,29.5,29.5,29.5,29.4,29.4,29.4,29.4,29.4,29.3,29.2,29.3,29.2,29.1,29.3,29.2,29.2,29.1,29.1
75,33.8,33.8,34.1,34.4,34.4,34.6,35.0,35.2,35.3,35.7,35.8,36.0,36.2,36.7,36.9,37.4,37.6,37.9,38.4,38.7,39.0,39.4,39.6,40.1,40.4,40.4,40.7,40.8,40.8,40.9,41.1,41.3,41.1,41.4,41.3,41.6,42.2,43.8,44.2,44.2,44.1,43.8,43.8,44.6,45.3,45.8,46.0,46.4,47.4,48.5,50.1,51.9,52.9,53.8,54.0,54.3,54.7,54.8,55.1,55.1,55.3,55.7,55.8,55.9,55.9,56.0,56.1,56.3,56.4,56.4,56.6,56.7,56.9,57.0,57.2,57.4,57.6,57.7,58.1,58.3,58.7,59.4,60.6,62.2,63.7,64.1,64.5,64.3,64.2,64.2,64.3,64.4,64.5,64.7,64.9,64.8,65.0,65.0,65.2,65.1,65.2,65.3,65.3,65.2,65.1,64.9,64.9,64.6,63.8,62.4,60.4,59.0,58.1,57.6,56.9,56.7,56.4,56.0,55.8,55.4,55.1,54.8,54.4,54.2,54.1,54.0,53.8,53.2,52.3,51.7,51.5,50.9,50.4,50.1,49.6,49.2,48.6,47.8,44.8,41.8,39.2,37.7,36.7,35.7,35.0,34.3,33.7,33.3,33.0,32.5,32.3,32.0,31.7,31.5,31.3,31.1,31.1,30.7,30.6,30.5,30.4,30.2,30.4,30.0,30.1,30.0,29.7,29.8,29.8,29.7,29.7,29.6,29.7,29.7,29.6,29.6,29.6,29.4,29.5,29.3,29.2,29.4,29.2,29.4,29.2,29.4,29.3,29.2,29.2,29.1,29.2,29.1
76,33.9,34.1,34.1,34.4,34.6,34.7,34.9,35.3,35.5,35.6,35.6,36.2,36.3,36.8,36.9,37.3,37.6,38.0,38.3,38.7,39.0,39.4,39.8,40.0,40.3,40.3,40.7,40.7,40.9,41.1,41.0,41.0,41.1,41.3,41.4,41.8,42.4,43.8,44.3,44.2,44.1,44.0,44.6,44.9,45.5,46.0,46.2,46.5,47.4,48.5,50.3,52.0,52.9,53.6,54.1,54.2,54.6,54.8,54.9,55.0,55.2,55.5,55.5,55.7,55.8,55.7,56.0,56.0,56.2,56.3,56.5,56.7,56.8,56.9,57.2,57.4,57.6,57.8,58.3,58.4,58.8,59.6,60.6,62.4,63.7,64.2,64.5,64.4,64.2,64.2,64.2,64.4,64.7,64.6,64.9,64.9,64.9,65.1,65.1,65.2,65.4,65.3,65.4,65.2,65.1,65.0,64.9,64.5,63.9,62.4,60.2,59.1,58.2,57.4,57.1,56.6,56.3,56.0,55.7,55.3,55.1,54.7,54.5,54.3,54.1,53.9,53.7,53.0,52.2,51.7,51.3,51.0,50.4,50.1,49.5,48.9,48.5,47.7,44.7,41.7,39.1,37.5,36.6,35.6,35.0,34.5,33.8,33.4,32.9,32.6,32.3,32.0,31.7,31.4,31.3,31.1,30.9,30.9,30.8,30.6,30.5,30.3,30.2,30.4,30.0,30.0,30.1,29.8,30.0,29.9,29.8,29.6,29.6,29.7,29.6,29.6,29.5,29.5,29.4,29.4,29.3,29.4,29.1,29.3,29.2,29.2,29.2,29.2,29.2,29.0,29.1,29.0
77,33.9,33.9,34.1,34.3,34.5,34.7,34.9,35.1,35.3,35.7,35.8,36.1,36.5,36.8,37.1,37.4,37.8,38.0,38.4,38.8,39.0,39.3,39.7,40.0,40.3,40.4,40.6,40.8,40.8,40.9,41.1,41.0,41.2,41.2,41.5,41.7,42.4,43.9,44.2,44.1,43.9,43.8,44.0,44.7,45.6,46.1,46.4,46.8,47.7,48.8,50.4,51.9,52.8,53.6,53.9,54.1,54.4,54.7,54.7,54.9,55.1,55.2,55.3,55.4,55.7,55.5,55.9,56.0,56.2,56.2,56.5,56.6,56.8,56.9,57.3,57.5,57.6,57.9,58.2,58.6,59.0,59.7,60.8,62.4,63.8,64.3,64.6,64.3,64.3,64.2,64.2,64.5,64.5,64.7,64.8,64.9,65.0,65.2,65.2,65.3,65.4,65.4,65.4,65.2,65.1,65.1,64.9,64.7,63.9,62.4,60.5,59.1,58.2,57.5,57.1,56.7,56.3,56.0,55.7,55.2,55.2,54.9,54.4,54.3,54.0,53.9,53.6,53.1,52.3,51.7,51.4,50.9,50.5,50.0,49.5,49.0,48.5,47.7,44.8,41.7,39.1,37.7,36.6,35.7,35.0,34.5,33.8,33.5,33.0,32.6,32.3,32.0,31.9,31.6,31.3,31.1,31.0,31.0,30.8,30.6,30.5,30.3,30.3,30.2,30.1,30.1,30.0,30.0,29.9,29.8,29.7,29.7,29.7,29.7,29.6,29.5,29.7,29.3,29.5,29.6,29.5,29.4,29.5,29.2,29.1,29.4,29.2,29.4,29.4,29.2,29.0,29.1
78,34.0,34.1,34.4,34.2,34.7,34.8,35.1,35.0,35.4,35.6,35.9,36.1,36.2,37.1,37.1,37.4,37.7,37.9,38.4,38.8,39.0,39.3,39.7,40.1,40.1,40.3,40.5,40.7,40.9,40.9,41.0,40.9,41.1,41.1,41.4,41.6,42.7,44.1,44.3,44.2,44.4,44.3,44.6,45.2,46.0,46.4,46.9,47.3,48.2,49.3,50.8,52.0,52.7,53.5,53.9,54.2,54.3,54.4,54.6,54.7,55.0,55.0,55.1,55.4,55.5,55.7,55.8,55.9,56.0,56.2,56.4,56.5,56.6,56.9,57.1,57.3,57.8,57.9,58.2,58.6,59.1,59.8,61.0,62.6,63.7,64.3,64.5,64.3,64.2,64.2,64.2,64.4,64.6,64.7,64.7,65.0,65.0,65.1,65.2,65.4,65.4,65.4,65.4,65.3,65.2,65.1,65.0,64.7,63.8,62.4,60.5,59.2,58.3,57.7,57.2,56.7,56.4,56.1,55.8,55.4,55.1,54.8,54.4,54.3,54.0,53.9,53.6,53.1,52.4,51.9,51.3,50.9,50.4,50.1,49.6,48.9,48.6,47.8,44.8,41.8,39.4,37.6,36.6,35.7,35.1,34.4,34.0,33.6,33.0,32.7,32.2,31.9,31.8,31.4,31.3,31.1,31.0,31.0,30.8,30.4,30.4,30.5,30.4,30.2,30.1,30.1,29.8,29.7,29.8,29.7,29.7,29.8,29.6,29.6,29.6,29.6,29.6,29.6,29.3,29.4,29.4,29.4,29.3,29.3,29.4,29.1,29.3,29.2,29.2,29.1,29.1,29.0
79,33.9,34.1,34.2,34.3,34.5,34.7,35.0,35.1,35.2,35.7,35.8,36.0,36.2,36.6,36.8,37.4,37.7,38.0,38.3,38.6,39.0,39.2,39.6,39.8,40.2,40.4,40.5,40.7,40.8,40.8,40.9,41.1,41.3,41.3,41.1,41.4,42.6,44.1,44.6,44.8,44.8,44.4,44.9,45.5,46.5,47.0,47.3,47.9,48.7,49.7,51.0,52.1,52.9,53.4,53.6,53.9,54.1,54.2,54.4,54.7,54.7,54.9,55.0,55.1,55.3,55.4,55.7,55.6,55.8,56.1,56.3,56.4,56.7,56.8,57.1,57.4,57.6,57.8,58.3,58.6,59.0,59.8,61.1,62.7,63.8,64.2,64.4,64.2,64.1,64.0,64.1,64.2,64.4,64.5,64.7,65.0,65.0,65.0,65.2,65.2,65.4,65.3,65.4,65.3,65.2,65.0,65.0,64.6,63.8,62.4,60.6,59.1,58.2,57.6,57.1,56.7,56.4,56.0,55.5,55.3,55.0,54.6,54.6,54.2,54.0,53.8,53.6,52.9,52.3,51.8,51.4,50.9,50.4,50.0,49.4,49.0,48.8,47.7,44.8,41.8,39.2,37.6,36.6,35.8,35.0,34.4,33.8,33.4,32.9,32.7,32.3,32.0,31.8,31.4,31.2,31.2,31.0,30.9,30.6,30.7,30.5,30.4,30.2,30.2,30.1,30.1,30.0,30.0,29.8,29.8,29.6,29.9,29.7,29.6,29.6,29.6,29.5,29.6,29.4,29.4,29.3,29.4,29.1,29.3,29.0,29.4,29.2,29.1,29.3,29.2,29.1,28.9
80,33.9,34.2,34.2,34.3,34.7,34.8,34.9,35.1,35.4,35.8,35.7,36.2,36.4,36.7,36.9,37.3,37.5,37.9,38.3,38.5,39.0,39.3,39.6,39.9,40.0,40.3,40.5,40.7,40.8,41.0,40.9,41.3,41.4,41.6,41.6,41.3,42.1,44.0,45.3,45.9,46.1,46.1,46.1,46.6,47.5,48.1,48.4,48.8,49.4,50.3,51.3,52.5,52.8,53.4,53.6,53.8,54.0,54.2,54.4,54.4,54.7,54.8,55.0,55.0,55.2,55.3,55.5,55.7,55.9,56.0,56.3,56.4,56.6,56.9,57.1,57.4,57.5,57.9,58.3,58.8,59.2,59.9,61.2,62.7,63.8,64.4,64.6,64.3,64.1,64.0,63.9,64.3,64.4,64.5,64.6,64.9,65.1,65.3,65.2,65.3,65.3,65.4,65.3,65.3,65.2,65.0,64.9,64.5,63.9,62.5,60.5,59.2,58.2,57.6,57.3,56.8,56.3,55.9,55.7,55.3,54.9,54.7,54.4,54.2,54.0,53.7,53.6,52.9,52.3,51.7,51.4,50.9,50.5,49.9,49.5,48.8,48.7,47.7,44.9,41.8,39.2,37.7,36.6,35.7,34.9,34.3,33.9,33.3,32.8,32.5,32.5,31.9,31.7,31.6,31.3,31.1,31.1,30.9,30.8,30.6,30.4,30.2,30.2,30.0,30.0,30.1,30.0,29.8,29.9,29.9,29.8,29.6,29.6,29.7,29.4,29.6,29.6,29.6,29.4,29.4,29.2,29.4,29.5,29.4,29.2,29.3,29.2,29.3,29.2,29.2,29.2,29.2
81,34.1,34.1,34.2,34.4,34.6,34.9,35.0,35.2,35.2,35.8,35.7,36.1,36.4,36.7,36.8,37.3,37.6,37.9,38.3,38.4,38.8,39.3,39.6,39.7,40.1,40.2,40.4,40.7,40.7,40.8,40.9,41.3,41.7,42.1,42.4,42.3,42.2,43.9,45.7,46.9,47.7,48.3,48.4,48.9,49.2,49.5,49.9,50.0,50.5,51.0,51.8,52.6,53.1,53.4,53.6,53.7,53.9,54.1,54.2,54.2,54.5,54.7,54.8,55.0,55.0,55.2,55.3,55.6,55.7,55.9,56.1,56.3,56.5,56.8,57.0,57.2,57.6,57.8,58.2,58.6,59.1,59.8,61.3,62.9,63.8,64.3,64.6,64.4,64.2,64.2,64.2,64.1,64.4,64.5,64.8,64.9,65.0,65.2,65.2,65.2,65.3,65.3,65.3,65.2,65.1,65.1,64.8,64.5,63.8,62.4,60.4,59.1,58.2,57.6,57.1,56.6,56.2,55.8,55.5,55.2,55.0,54.6,54.4,54.1,54.0,53.7,53.4,53.0,52.2,51.7,51.3,50.9,50.3,50.1,49.5,48.8,48.6,47.7,44.8,41.8,39.3,37.6,36.5,35.7,34.9,34.5,33.8,33.4,33.1,32.7,32.2,32.0,31.7,31.5,31.5,31.3,31.0,30.9,30.6,30.6,30.4,30.2,30.3,30.1,30.1,30.0,30.0,29.8,29.8,29.9,29.8,29.8,29.8,29.7,29.6,29.4,29.4,29.5,29.5,29.5,29.4,29.5,29.4,29.4,29.2,29.2,29.0,29.3,29.1,29.1,29.0,29.1
82,34.1,34.2,34.2,34.5,34.6,34.7,35.0,35.3,35.5,35.7,36.0,36.1,36.4,36.7,37.0,37.3,37.6,38.0,38.3,38.5,39.0,39.1,39.6,39.8,40.3,40.3,40.6,40.7,40.9,41.0,41.0,41.3,41.9,42.3,42.8,43.0,43.2,44.1,45.8,47.6,49.3,50.0,50.3,50.6,51.0,51.0,51.5,51.5,51.6,52.0,52.5,52.8,53.2,53.4,53.4,53.5,53.9,53.9,54.0,54.3,54.4,54.6,54.7,54.9,54.9,55.1,55.2,55.5,55.8,55.7,55.9,56.2,56.5,56.7,56.9,57.1,57.5,57.7,58.1,58.4,59.1,59.8,61.1,62.8,63.9,64.2,64.4,64.2,64.2,64.1,64.1,64.2,64.3,64.4,64.7,64.9,64.9,65.3,65.2,65.3,65.3,65.4,65.4,65.1,65.1,65.1,64.8,64.5,63.8,62.3,60.5,59.1,58.2,57.4,57.0,56.6,56.2,55.8,55.5,55.1,54.9,54.6,54.3,54.2,53.9,53.7,53.5,52.9,52.2,51.7,51.2,50.8,50.3,50.0,49.4,49.1,48.7,47.9,45.0,41.8,39.2,37.6,36.4,35.6,35.0,34.4,33.8,33.3,33.0,32.6,32.1,31.9,31.7,31.5,31.5,31.2,31.0,30.8,30.6,30.5,30.6,30.4,30.4,30.0,30.1,30.0,30.0,29.9,29.7,30.0,29.6,29.6,29.6,29.5,29.6,29.6,29.5,29.6,29.4,29.5,29.2,29.3,29.3,29.2,29.1,29.2,29.1,29.1,29.4,29.2,29.0,29.1
83,33.8,34.0,34.3,34.4,34.5,34.8,35.0,35.1,35.3,35.6,35.9,36.0,36.3,36.7,36.9,37.2,37.6,37.9,38.2,38.5,38.9,39.3,39.6,39.9,40.1,40.5,40.7,40.7,41.1,41.1,41.3,41.6,42.0,42.4,42.9,42.8,42.9,43.5,45.4,47.9,50.2,51.1,51.5,51.7,51.6,52.0,52.3,52.3,52.4,52.5,52.7,52.8,53.0,53.3,53.5,53.5,53.8,53.7,54.0,54.3,54.2,54.5,54.6,54.8,54.9,55.0,55.1,55.4,55.6,55.7,55.8,56.1,56.2,56.5,56.7,57.1,57.3,57.8,58.0,58.3,59.0,59.8,61.2,62.7,63.8,64.3,64.4,64.2,64.1,63.9,64.0,64.1,64.3,64.4,64.7,64.8,65.0,65.1,65.1,65.3,65.2,65.2,65.2,65.1,65.0,64.9,64.7,64.5,63.8,62.2,60.4,59.1,58.1,57.5,57.0,56.5,56.1,55.8,55.5,55.2,54.8,54.4,54.2,54.0,53.8,53.6,53.4,52.8,52.1,51.6,51.1,50.7,50.4,50.0,49.6,49.1,48.8,47.9,45.0,41.9,39.2,37.7,36.5,35.7,34.9,34.4,33.9,33.3,33.1,32.6,32.2,32.0,31.8,31.5,31.4,31.2,31.1,30.9,30.8,30.6,30.5,30.5,30.4,30.3,30.1,29.9,30.1,29.9,29.8,29.9,29.8,29.7,29.6,29.8,29.6,29.5,29.5,29.5,29.4,29.5,29.5,29.3,29.2,29.2,29.2,29.1,29.2,29.2,29.1,29.1,29.1,29.1
84,33.6,33.9,33.9,34.1,34.2,34.5,34.8,35.1,35.2,35.4,35.6,36.1,36.3,36.6,37.1,37.3,37.5,37.8,38.2,38.6,38.8,39.2,39.5,39.9,40.1,40.3,40.8,40.9,41.1,41.1,41.4,41.7,41.8,42.6,42.6,42.6,42.6,43.3,45.2,47.9,50.3,51.5,51.7,51.7,51.9,51.9,52.3,52.5,52.6,52.7,52.8,52.9,53.2,53.3,53.4,53.6,53.6,53.8,53.8,53.9,54.2,54.4,54.6,54.7,54.7,54.9,55.0,55.2,55.4,55.6,55.7,56.0,56.1,56.5,56.8,56.9,57.2,57.4,58.0,58.2,58.8,59.6,61.1,62.8,63.9,64.2,64.4,64.2,64.0,63.9,63.9,64.0,64.2,64.4,64.5,64.6,64.8,64.9,65.0,65.0,65.1,65.0,65.0,64.9,64.8,64.8,64.7,64.4,63.6,62.2,60.2,58.9,57.9,57.3,56.7,56.4,56.1,55.8,55.3,55.0,54.8,54.4,54.2,53.9,53.7,53.6,53.2,52.8,51.9,51.5,51.0,50.6,50.4,50.0,49.7,49.2,48.6,48.1,45.2,41.9,39.2,37.6,36.5,35.6,34.8,34.4,33.8,33.4,33.0,32.7,32.3,32.1,31.8,31.6,31.2,31.1,30.9,30.8,30.7,30.7,30.6,30.3,30.3,30.3,30.1,30.2,30.0,29.9,29.8,29.9,29.7,29.8,29.7,29.7,29.6,29.6,29.4,29.6,29.4,29.2,29.5,29.5,29.4,29.2,29.3,29.2,29.4,29.2,29.2,29.1,29.1,29.1
85,33.3,33.3,33.6,33.6,33.9,34.2,34.3,34.8,35.0,35.3,35.7,35.9,36.1,36.5,36.6,37.1,37.3,37.7,38.1,38.3,38.7,39.1,39.4,39.6,40.0,40.1,40.4,40.5,40.8,41.1,41.3,41.5,41.9,42.1,42.2,42.3,42.2,43.2,45.3,48.1,50.5,51.3,51.8,51.8,51.8,52.1,52.1,52.4,52.6,52.7,52.8,52.9,52.9,53.2,53.2,53.4,53.6,53.5,53.8,53.8,54.1,54.2,54.3,54.5,54.6,54.7,54.9,55.1,55.5,55.5,55.7,55.9,56.2,56.5,56.6,56.8,57.1,57.3,57.7,58.0,58.6,59.7,61.0,62.7,63.8,64.3,64.4,64.0,63.9,63.8,63.9,64.1,64.1,64.4,64.5,64.6,64.7,64.7,64.7,64.9,64.9,64.8,64.9,64.8,64.7,64.6,64.6,64.3,63.5,62.1,60.1,58.7,57.8,57.3,56.6,56.4,55.9,55.7,55.3,55.0,54.7,54.4,54.1,53.9,53.8,53.5,53.2,52.8,52.1,51.5,51.1,50.7,50.5,50.1,49.9,49.2,48.6,47.9,45.2,42.1,39.7,37.7,36.6,35.8,35.1,34.4,34.0,33.5,32.9,32.8,32.3,32.1,31.8,31.7,31.4,31.2,31.2,30.9,31.0,30.9,30.4,30.5,30.3,30.1,30.1,30.0,30.0,29.9,29.9,29.9,29.9,29.6,29.8,29.7,29.6,29.6,29.5,29.5,29.5,29.4,29.5,29.3,29.5,29.4,29.2,29.4,29.1,29.2,29.2,29.1,29.0,29.2
86,32.7,32.6,32.8,33.0,33.1,33.4,33.8,34.1,34.3,34.5,35.0,35.1,35.6,35.8,36.1,36.4,36.7,37.2,37.4,37.7,38.0,38.4,38.7,39.0,39.1,39.5,39.7,39.9,40.2,40.3,40.5,40.8,41.2,41.3,41.5,41.6,41.9,43.2,45.3,48.1,50.6,51.4,51.6,51.8,51.9,52.1,52.3,52.4,52.6,52.6,52.8,53.0,53.1,53.0,53.3,53.2,53.5,53.6,53.6,53.7,54.0,54.1,54.1,54.4,54.6,54.8,54.9,55.0,55.2,55.4,55.6,56.0,56.0,56.3,56.5,56.7,56.9,57.3,57.5,57.8,58.6,59.4,60.9,62.6,63.7,64.1,64.3,64.0,63.8,63.7,63.9,64.0,64.0,64.2,64.3,64.3,64.5,64.6,64.5,64.7,64.6,64.6,64.7,64.5,64.5,64.5,64.4,64.2,63.4,61.8,60.0,58.5,57.7,57.2,56.7,56.3,55.8,55.6,55.2,54.9,54.4,54.3,54.0,53.8,53.7,53.4,53.2,52.8,52.0,51.4,50.9,50.6,50.2,50.1,49.7,48.9,48.6,47.7,45.0,42.1,39.5,37.7,36.5,35.6,35.0,34.4,33.9,33.5,32.8,32.6,32.2,32.1,31.8,31.5,31.3,31.1,31.2,31.0,30.7,30.6,30.5,30.4,30.3,30.2,30.3,30.0,30.0,29.9,29.8,29.8,29.7,29.7,29.8,29.7,29.6,29.6,29.6,29.5,29.4,29.4,29.4,29.3,29.2,29.3,29.2,29.1,29.4,29.2,29.0,29.1,29.0,29.2
87,32.4,32.3,32.5,32.7,32.8,32.9,33.1,33.3,33.7,34.0,34.2,34.4,34.8,35.1,35.3,35.5,35.8,36.1,36.5,36.7,37.0,37.1,37.5,37.7,37.9,38.4,38.6,38.7,38.8,39.0,39.3,39.5,39.9,40.3,40.6,41.1,41.7,43.0,45.5,48.2,50.7,51.4,51.8,51.8,52.0,52.1,52.2,52.4,52.7,52.7,52.8,52.8,52.9,53.1,53.1,53.3,53.4,53.4,53.7,53.7,53.9,54.1,54.1,54.2,54.4,54.5,54.8,55.0,55.1,55.2,55.6,55.9,56.1,56.2,56.4,56.6,56.8,57.1,57.4,57.8,58.3,59.2,60.7,62.6,63.7,64.1,64.3,63.9,63.8,63.7,63.8,63.9,64.0,64.2,64.3,64.4,64.5,64.5,64.4,64.5,64.5,64.5,64.5,64.3,64.5,64.5,64.3,64.0,63.4,61.7,59.8,58.5,57.6,57.1,56.5,56.1,55.9,55.4,55.1,54.9,54.6,54.3,54.1,53.9,53.6,53.5,53.2,52.8,52.0,51.4,51.0,50.5,50.3,49.9,49.6,48.8,48.5,47.9,45.1,42.1,39.6,37.8,36.5,35.6,35.1,34.4,33.9,33.6,33.0,32.8,32.5,32.1,32.0,31.6,31.5,31.2,31.3,31.2,30.8,30.7,30.6,30.4,30.4,30.2,30.2,30.1,30.1,29.9,30.0,30.0,29.9,29.9,29.7,29.9,29.7,29.7,29.5,29.6,29.6,29.4,29.5,29.5,29.4,29.4,29.5,29.4,29.3,29.3,29.1,29.2,29.2,29.0
88,32.1,32.3,32.4,32.4,32.6,32.7,32.8,32.8,33.2,33.4,33.5,33.7,33.9,34.2,34.4,34.8,35.0,35.1,35.3,35.5,35.7,36.0,36.3,36.6,36.8,37.1,37.4,37.7,37.9,38.1,38.4,38.5,38.9,39.5,39.8,40.5,41.4,43.2,45.6,48.4,50.4,51.3,51.8,51.6,51.9,52.1,52.2,52.2,52.3,52.6,52.6,52.9,52.8,53.1,53.1,53.2,53.3,53.4,53.6,53.6,53.8,53.9,53.9,54.2,54.3,54.4,54.6,54.9,55.0,55.1,55.5,55.5,55.9,56.0,56.2,56.6,56.6,56.8,57.3,57.5,58.1,59.2,60.6,62.4,63.7,64.1,64.2,64.1,63.9,63.7,63.7,63.9,63.9,64.1,64.2,64.2,64.4,64.4,64.5,64.4,64.5,64.5,64.3,64.3,64.3,64.4,64.3,64.1,63.1,61.6,59.8,58.5,57.6,57.0,56.3,56.0,55.7,55.2,55.0,54.8,54.5,54.2,53.9,53.7,53.7,53.3,53.1,52.6,51.9,51.4,50.8,50.6,50.2,49.9,49.2,48.7,48.5,47.6,44.9,42.0,39.5,37.8,36.6,35.7,35.0,34.4,34.1,33.6,32.9,32.7,32.4,32.2,31.8,31.7,31.4,31.2,31.1,30.9,30.8,30.7,30.6,30.4,30.3,30.3,30.2,30.2,30.0,29.9,30.0,29.8,30.0,29.9,29.8,29.8,29.7,29.5,29.6,29.4,29.5,29.4,29.4,29.3,29.4,29.4,29.3,29.2,29.2,29.3,29.2,29.1,29.2,29.1
89,31.8,32.0,32.3,32.3,32.4,32.5,32.7,32.8,32.8,33.3,33.4,33.4,33.5,33.8,33.9,34.2,34.4,34.7,34.8,35.0,35.1,35.5,35.8,36.1,36.3,36.5,37.0,37.2,37.5,37.6,37.9,38.2,38.6,39.1,39.6,40.3,41.2,43.2,45.7,48.5,50.5,51.2,51.4,51.5,51.7,51.9,51.9,52.0,52.3,52.5,52.6,52.9,52.7,52.8,53.0,53.0,53.3,53.2,53.3,53.5,53.7,53.8,53.9,54.1,54.2,54.2,54.3,54.6,54.7,54.9,55.1,55.4,55.7,55.8,56.1,56.2,56.6,56.7,57.1,57.3,57.9,58.9,60.5,62.3,63.6,63.9,64.3,64.1,63.9,63.9,64.0,63.9,64.1,64.1,64.3,64.2,64.4,64.5,64.3,64.3,64.4,64.4,64.4,64.4,64.3,64.4,64.2,63.9,63.2,61.4,59.7,58.3,57.3,56.6,56.2,56.0,55.5,55.0,54.9,54.8,54.4,54.1,53.9,53.7,53.5,53.2,52.9,52.3,51.7,51.1,50.9,50.5,50.0,49.6,49.2,48.6,48.2,47.4,44.9,42.1,39.6,37.7,36.6,35.8,35.0,34.4,33.8,33.3,33.0,32.6,32.4,32.1,31.9,31.4,31.4,31.2,31.1,31.1,30.9,30.6,30.5,30.5,30.2,30.2,30.2,30.1,30.0,30.0,30.0,29.8,29.8,29.8,29.8,29.8,29.7,29.5,29.6,29.6,29.5,29.4,29.3,29.4,29.4,29.4,29.2,29.4,29.2,29.2,29.2,29.2,29.1,29.1
90,32.0,31.9,32.0,32.0,32.2,32.4,32.5,32.6,32.8,32.9,33.0,33.4,33.3,33.7,33.9,33.9,34.2,34.4,34.6,34.6,35.0,35.1,35.4,35.6,36.1,36.3,36.6,37.0,37.1,37.5,37.8,38.0,38.6,39.1,39.5,40.1,41.4,43.2,45.6,48.7,50.5,51.3,51.4,51.4,51.6,51.7,51.8,51.8,52.1,52.3,52.4,52.7,52.8,52.9,52.9,53.0,53.0,53.0,53.1,53.4,53.5,53.5,53.8,53.9,54.0,54.0,54.2,54.4,54.7,54.7,54.9,55.2,55.5,55.6,55.9,56.1,56.2,56.6,56.8,57.1,57.7,58.7,60.3,62.2,63.3,64.0,64.3,64.2,64.2,64.1,64.2,64.2,64.1,64.3,64.4,64.4,64.5,64.5,64.5,64.6,64.5,64.5,64.5,64.5,64.5,64.4,64.2,63.8,63.2,61.4,59.6,58.2,57.2,56.7,56.1,55.8,55.4,55.1,54.8,54.6,54.3,54.0,53.7,53.7,53.3,53.2,52.9,52.1,51.6,51.0,50.8,50.3,49.9,49.6,49.1,48.4,48.0,47.5,44.9,42.1,39.5,37.7,36.6,35.8,35.0,34.4,33.8,33.4,33.1,32.5,32.5,32.1,31.9,31.5,31.5,31.3,31.1,30.9,30.8,30.7,30.6,30.3,30.2,30.2,30.2,30.1,30.0,30.0,29.9,29.9,29.8,29.6,29.7,29.6,29.6,29.7,29.6,29.6,29.4,29.4,29.5,29.3,29.5,29.4,29.2,29.2,29.4,29.2,29.2,29.1,29.2,29.2
91,31.8,31.7,32.1,32.1,32.2,32.1,32.5,32.5,32.5,32.8,32.8,33.1,33.3,33.5,33.4,33.9,33.9,34.2,34.4,34.6,34.9,34.9,35.1,35.6,35.8,36.2,36.4,36.9,37.2,37.5,37.9,38.1,38.4,39.1,39.4,40.2,41.3,43.3,45.8,48.7,50.5,51.0,51.2,51.4,51.5,51.5,51.8,51.9,52.1,52.3,52.3,52.6,52.6,52.8,52.8,53.1,53.1,53.1,53.3,53.3,53.3,53.5,53.7,53.8,53.9,54.0,54.2,54.3,54.6,54.7,54.9,55.0,55.3,55.4,55.8,56.0,56.2,56.3,56.7,57.0,57.4,58.6,60.2,62.1,63.3,63.9,64.1,64.2,64.4,64.2,64.3,64.2,64.3,64.4,64.4,64.3,64.4,64.6,64.5,64.7,64.5,64.6,64.7,64.6,64.5,64.5,64.3,63.8,63.0,61.5,59.6,57.9,57.0,56.4,56.1,55.7,55.1,55.0,54.6,54.5,54.2,53.9,53.8,53.5,53.2,53.2,52.7,52.3,51.6,51.0,50.5,50.2,49.8,49.4,48.9,48.3,48.0,47.3,44.9,42.1,39.4,37.8,36.6,35.7,35.0,34.4,33.8,33.3,33.0,32.6,32.3,32.1,31.8,31.6,31.5,31.3,31.1,30.9,30.8,30.8,30.6,30.5,30.3,30.3,30.2,30.1,29.8,30.0,29.8,30.0,29.7,29.8,29.8,29.8,29.7,29.6,29.6,29.5,29.4,29.3,29.4,29.2,29.4,29.4,29.3,29.2,29.2,29.2,29.2,29.1,29.0,29.2
92,32.0,31.7,32.0,32.0,32.1,32.2,32.3,32.5,32.5,32.7,32.8,33.1,33.3,33.5,33.6,33.8,34.0,34.3,34.4,34.5,34.9,35.0,35.1,35.5,35.8,36.0,36.4,36.5,37.1,37.4,37.7,38.1,38.5,39.1,39.7,40.8,41.9,43.6,45.7,48.4,50.2,50.7,50.8,50.9,50.9,51.0,51.2,51.4,51.7,51.8,52.1,52.4,52.6,52.7,52.8,52.8,52.9,52.9,53.0,53.2,53.4,53.5,53.6,53.6,53.8,53.9,54.1,54.2,54.5,54.4,54.7,54.9,55.1,55.2,55.5,55.6,56.0,56.1,56.5,56.8,57.3,58.4,60.1,62.0,63.2,63.6,63.9,64.0,64.1,64.2,64.1,64.2,64.2,64.2,64.5,64.3,64.3,64.4,64.4,64.4,64.5,64.5,64.5,64.5,64.4,64.3,64.0,63.7,62.9,61.2,59.3,57.8,57.0,56.2,55.9,55.4,55.1,54.9,54.6,54.3,54.0,53.9,53.5,53.4,53.2,53.0,52.6,52.2,51.6,51.1,50.6,50.2,49.7,49.4,49.0,48.3,48.0,47.5,44.9,42.0,39.5,37.7,36.6,35.7,35.0,34.4,34.0,33.4,33.0,32.8,32.3,32.0,32.1,31.6,31.3,31.3,31.2,30.9,30.9,30.8,30.4,30.5,30.3,30.2,30.2,30.1,30.1,30.0,30.0,29.8,29.9,29.7,29.8,29.6,29.8,29.6,29.6,29.6,29.6,29.5,29.5,29.4,29.4,29.3,29.2,29.3,29.2,29.3,29.4,29.2,29.2,29.0
93,32.0,31.9,31.9,32.0,31.9,32.2,32.4,32.3,32.5,32.8,32.8,32.9,33.3,33.4,33.4,33.8,33.9,34.0,34.2,34.4,34.5,34.8,35.0,35.2,35.6,35.7,36.2,36.7,37.0,37.3,37.7,38.1,38.6,39.6,40.5,41.8,43.1,44.5,46.0,48.2,49.5,49.8,49.8,49.9,50.1,50.2,50.4,50.6,50.9,51.4,51.8,52.2,52.3,52.4,52.7,52.7,52.9,52.9,52.9,53.0,53.3,53.4,53.4,53.5,53.6,53.8,53.9,54.0,54.2,54.3,54.7,54.7,55.0,55.1,55.3,55.6,55.6,55.9,56.3,56.5,57.2,58.2,59.8,61.6,62.6,63.0,63.3,63.5,63.5,63.7,63.6,63.6,63.8,63.7,63.8,63.8,63.9,63.9,63.9,64.0,63.9,63.9,63.8,63.9,63.9,63.8,63.6,63.4,62.4,61.0,59.0,57.6,56.6,56.1,55.5,55.2,54.8,54.5,54.5,54.1,53.9,53.7,53.5,53.1,53.1,52.8,52.6,52.1,51.3,50.8,50.5,50.2,49.6,49.3,48.8,48.4,48.0,47.5,44.9,42.1,39.5,37.7,36.6,35.7,35.1,34.4,33.9,33.4,33.2,32.8,32.4,32.1,31.8,31.6,31.5,31.2,31.1,31.0,30.8,30.8,30.8,30.3,30.2,30.2,30.2,30.0,29.9,30.0,30.0,30.0,29.9,29.7,29.8,29.6,29.7,29.5,29.7,29.6,29.5,29.4,29.4,29.4,29.4,29.3,29.4,29.2,29.3,29.4,29.1,29.2,29.1,29.1
94,31.7,31.9,31.9,31.9,32.0,32.1,32.1,32.2,32.4,32.6,32.5,32.8,32.9,33.3,33.3,33.6,33.7,34.1,34.1,34.4,34.6,34.7,34.9,35.1,35.4,35.7,36.1,36.4,36.8,37.3,37.5,38.1,38.8,39.8,41.3,42.7,44.6,45.9,47.0,48.1,48.6,48.7,48.7,48.8,48.8,48.8,49.2,49.6,50.0,50.7,51.4,51.9,52.1,52.5,52.5,52.5,52.6,52.8,53.0,53.0,53.1,53.2,53.3,53.3,53.4,53.6,53.7,53.9,54.0,54.2,54.2,54.5,54.8,54.9,55.1,55.3,55.3,55.6,55.9,56.2,56.8,57.6,59.0,60.5,61.4,61.8,62.0,62.2,62.4,62.4,62.4,62.5,62.5,62.6,62.7,62.8,62.8,62.9,62.8,62.8,62.7,62.7,62.7,62.8,62.6,62.5,62.3,62.0,61.3,60.0,58.3,57.1,56.3,55.8,55.4,55.0,54.6,54.4,54.2,53.9,53.6,53.5,53.4,53.1,52.9,52.7,52.4,51.9,51.2,50.6,50.4,50.1,49.5,49.1,48.7,48.2,47.7,47.3,44.8,42.0,39.3,37.7,36.6,35.7,35.2,34.4,33.8,33.3,33.0,32.6,32.3,32.0,31.7,31.6,31.4,31.2,31.1,31.0,30.9,30.6,30.5,30.4,30.3,30.2,30.2,30.1,30.0,30.0,29.9,29.9,29.6,29.8,29.8,29.6,29.5,29.7,29.8,29.6,29.6,29.5,29.5,29.4,29.2,29.3,29.4,29.4,29.3,29.3,29.2,29.1,29.2,29.1
95,31.7,31.8,31.9,32.0,32.0,32.1,32.2,32.3,32.5,32.6,32.7,32.9,33.1,33.1,33.5,33.5,33.8,34.0,34.2,34.2,34.6,34.9,35.0,35.2,35.3,35.6,36.1,36.4,36.8,37.0,37.5,38.0,39.0,40.3,41.9,44.0,45.7,46.7,47.3,47.8,48.3,48.4,48.3,48.1,48.1,48.2,48.4,48.8,49.8,50.5,51.2,51.7,52.0,52.4,52.4,52.4,52.5,52.7,52.7,52.8,53.0,53.2,53.1,53.3,53.5,53.3,53.6,53.8,53.9,54.1,54.3,54.5,54.5,54.8,54.9,55.1,55.1,55.4,55.7,55.9,56.2,56.9,58.0,59.1,59.7,60.3,60.4,60.6,60.8,61.0,61.0,61.1,61.2,61.3,61.2,61.3,61.2,61.3,61.3,61.3,61.2,61.2,61.3,61.0,61.0,60.8,60.5,60.3,59.6,58.7,57.6,56.5,55.9,55.5,55.1,54.8,54.6,54.3,54.1,53.9,53.7,53.3,53.2,52.9,52.8,52.6,52.3,51.8,51.2,50.6,50.3,50.0,49.5,49.1,48.6,48.1,47.9,47.1,44.7,41.9,39.4,37.7,36.7,35.7,35.0,34.4,34.0,33.4,33.0,32.7,32.2,32.0,31.8,31.5,31.3,31.3,31.1,30.9,30.7,30.6,30.5,30.3,30.3,30.3,30.2,30.1,30.0,30.0,29.9,30.0,29.9,29.7,29.8,29.8,29.6,29.8,29.5,29.6,29.5,29.5,29.3,29.4,29.4,29.4,29.2,29.3,29.1,29.2,29.4,29.0,29.2,29.0
96,31.7,31.6,31.7,32.0,32.2,32.2,32.3,32.5,32.4,32.5,32.6,32.7,32.8,33.0,33.4,33.6,33.6,33.8,34.1,34.2,34.5,34.5,34.8,34.8,35.3,35.7,35.9,36.3,36.7,37.0,37.4,38.0,38.9,40.5,42.2,44.5,46.0,46.6,47.2,47.7,48.0,48.1,48.0,47.9,47.8,47.9,48.3,48.7,49.4,50.4,51.2,51.7,52.1,52.4,52.3,52.5,52.5,52.5,52.8,52.7,52.8,52.9,53.0,53.2,53.3,53.4,53.3,53.6,53.8,54.0,53.9,54.1,54.4,54.6,54.7,54.9,55.0,55.2,55.6,55.7,56.0,56.5,57.0,57.7,58.1,58.3,58.5,58.9,59.0,59.1,59.2,59.5,59.5,59.4,59.5,59.4,59.6,59.4,59.5,59.4,59.4,59.3,59.2,59.1,59.0,58.7,58.5,58.3,57.8,57.3,56.5,56.0,55.6,55.2,54.9,54.4,54.2,54.0,53.9,53.6,53.3,53.2,53.0,52.7,52.7,52.4,52.2,51.7,51.1,50.7,50.2,49.8,49.5,49.0,48.6,48.1,47.7,47.1,44.7,41.8,39.3,37.5,36.5,35.5,34.9,34.4,33.8,33.5,33.0,32.5,32.4,32.0,31.7,31.6,31.4,31.2,31.3,30.8,30.7,30.6,30.6,30.3,30.4,30.4,30.1,30.0,30.0,30.0,29.8,29.9,29.7,29.9,29.6,29.7,29.7,29.7,29.6,29.6,29.6,29.2,29.4,29.3,29.4,29.4,29.2,29.2,29.2,29.2,29.1,29.2,29.1,29.2
97,31.5,31.6,31.8,32.1,32.1,32.3,32.2,32.5,32.5,32.5,32.7,32.8,32.8,33.1,33.3,33.5,33.8,33.9,34.0,34.2,34.4,34.7,34.9,35.0,35.2,35.7,36.0,36.3,36.6,37.0,37.5,37.9,39.0,40.7,42.4,45.0,46.2,46.8,47.2,47.6,47.9,48.0,48.0,47.7,47.7,48.0,48.0,48.5,49.3,50.0,51.0,51.5,52.0,52.2,52.2,52.3,52.4,52.4,52.6,52.7,52.7,52.8,52.9,52.9,53.2,53.2,53.3,53.6,53.7,53.7,53.9,54.0,54.2,54.3,54.6,54.8,54.9,55.1,55.2,55.5,55.8,56.1,56.4,56.7,57.0,57.3,57.4,57.6,57.8,58.0,58.1,58.2,58.2,58.3,58.3,58.3,58.3,58.3,58.4,58.3,58.2,58.0,58.1,57.8,57.6,57.5,57.2,57.0,56.6,56.3,55.9,55.5,55.2,55.0,54.4,54.3,54.0,53.8,53.6,53.5,53.3,52.9,53.0,52.6,52.6,52.2,52.1,51.7,51.1,50.6,50.2,49.7,49.4,48.9,48.4,48.1,47.7,47.1,44.8,41.7,39.5,37.5,36.3,35.5,35.0,34.3,33.8,33.5,33.1,32.6,32.4,32.1,31.9,31.6,31.3,31.2,31.1,30.9,30.7,30.5,30.5,30.2,30.3,30.4,30.1,30.1,30.0,29.9,29.9,29.9,29.8,29.8,29.6,29.7,29.7,29.4,29.6,29.7,29.5,29.6,29.3,29.5,29.4,29.3,29.2,29.2,29.2,29.2,29.1,29.2,29.0,29.0
98,31.7,31.7,31.8,31.9,32.1,32.2,32.4,32.5,32.5,32.6,32.6,32.7,32.9,33.3,33.4,33.6,33.7,33.8,34.1,34.4,34.6,34.6,34.9,35.1,35.4,35.5,35.7,36.1,36.5,36.8,37.2,38.0,39.1,40.5,42.7,44.9,46.5,46.9,47.3,47.6,47.9,47.9,47.8,47.8,47.7,47.8,48.2,48.3,49.1,49.9,50.7,51.4,51.9,52.0,52.2,52.2,52.3,52.4,52.2,52.5,52.7,52.8,52.8,52.8,53.1,53.1,53.2,53.3,53.4,53.6,53.8,53.9,54.0,54.1,54.3,54.4,54.6,54.8,54.9,55.1,55.5,55.6,56.0,56.2,56.3,56.6,56.6,56.9,57.1,57.2,57.2,57.3,57.3,57.5,57.5,57.4,57.4,57.4,57.4,57.5,57.4,57.3,57.2,57.1,56.9,56.7,56.4,56.2,55.8,55.7,55.5,55.0,54.7,54.6,54.2,54.2,53.9,53.7,53.3,53.2,53.0,53.0,52.6,52.7,52.3,52.1,52.0,51.5,50.9,50.5,50.0,49.8,49.3,48.9,48.5,47.9,47.5,47.0,44.4,41.8,39.3,37.5,36.5,35.6,34.9,34.2,33.8,33.5,33.1,32.7,32.4,32.1,31.8,31.6,31.5,31.3,30.9,31.0,30.8,30.6,30.7,30.5,30.3,30.3,30.2,30.2,30.0,30.0,29.8,29.8,29.7,29.6,29.7,29.8,29.7,29.6,29.7,29.4,29.4,29.4,29.4,29.4,29.4,29.4,29.1,29.4,29.3,29.3,29.2,29.1,29.2,29.3
99,31.9,32.0,31.8,32.0,32.3,32.3,32.5,32.5,32.6,32.8,32.8,32.7,33.0,33.1,33.1,33.4,33.7,33.9,34.3,34.4,34.5,34.7,34.9,35.0,35.4,35.4,35.6,36.1,36.5,36.8,37.4,37.9,39.0,40.8,42.8,45.2,46.6,47.0,47.4,47.7,47.7,47.7,47.7,47.7,47.6,47.7,48.0,48.3,49.1,49.8,50.7,51.1,51.6,51.9,52.2,52.2,52.2,52.4,52.4,52.4,52.5,52.7,52.8,52.8,52.9,53.1,53.1,53.2,53.5,53.5,53.6,53.7,53.9,53.9,54.2,54.3,54.5,54.7,54.8,55.0,55.2,55.4,55.7,55.7,55.9,56.0,56.2,56.3,56.6,56.6,56.6,56.7,56.8,56.8,56.7,56.7,56.8,56.8,56.9,56.6,56.6,56.6,56.5,56.4,56.3,56.1,55.9,55.7,55.5,55.2,55.1,54.9,54.5,54.2,54.0,53.8,53.6,53.6,53.2,53.2,52.9,52.7,52.8,52.4,52.3,52.1,51.8,51.4,50.9,50.4,50.0,49.7,49.2,48.8,48.5,47.9,47.4,46.9,44.7,41.8,39.2,37.6,36.4,35.6,34.8,34.4,33.8,33.4,33.0,32.8,32.4,32.1,31.8,31.6,31.5,31.2,31.1,30.9,30.9,30.8,30.7,30.6,30.4,30.2,30.2,30.2,30.0,30.0,29.9,29.9,30.0,29.8,29.7,29.6,29.7,29.6,29.7,29.4,29.4,29.5,29.4,29.6,29.4,29.2,29.3,29.3,29.2,29.3,29.2,29.2,29.2,29.1
100,31.9,32.0,31.8,32.1,32.2,32.3,32.3,32.5,32.6,32.6,32.6,32.9,32.9,33.2,33.3,33.4,33.8,33.7,34.1,34.3,34.5,34.7,34.9,35.0,35.1,35.4,35.6,35.8,36.3,36.6,37.1,37.7,38.9,40.7,42.8,45.0,46.5,47.0,47.4,47.6,48.0,47.9,47.7,47.6,47.7,47.6,47.9,48.4,48.8,49.8,50.5,51.2,51.6,51.9,51.9,52.0,52.2,52.1,52.1,52.3,52.4,52.6,52.5,52.7,52.7,52.9,52.9,53.0,53.3,53.2,53.1,53.4,53.6,53.8,54.0,54.1,54.4,54.4,54.6,54.7,55.1,55.1,55.3,55.3,55.4,55.5,55.7,55.8,55.9,56.0,56.0,56.1,56.1,56.1,56.0,56.1,56.0,56.0,56.0,56.0,55.9,55.8,55.8,55.6,55.6,55.5,55.3,55.1,55.0,55.0,54.7,54.4,54.2,54.0,53.9,53.6,53.4,53.1,53.0,52.7,52.6,52.4,52.3,52.2,52.1,51.9,51.6,51.3,50.6,50.1,49.9,49.5,49.0,48.6,48.3,47.7,47.4,46.8,44.5,41.8,39.3,37.5,36.5,35.4,34.8,34.4,33.8,33.4,32.9,32.6,32.4,32.2,31.7,31.6,31.5,31.2,31.0,30.8,30.8,30.6,30.5,30.3,30.4,30.3,30.2,30.1,30.0,29.9,30.0,29.9,29.7,29.6,29.7,29.7,29.6,29.6,29.6,29.6,29.4,29.4,29.4,29.4,29.3,29.2,29.3,29.1,29.2,29.1,29.2,29.1,29.1,29.2
101,31.8,31.9,32.1,32.1,32.2,32.3,32.5,32.5,32.6,32.8,32.7,33.0,33.1,33.4,33.2,33.3,33.7,33.9,34.1,34.5,34.6,34.6,34.9,35.0,35.3,35.5,35.7,35.9,36.1,36.6,37.1,37.7,38.8,40.8,42.8,45.2,46.4,46.8,47.3,47.7,48.0,48.0,47.6,47.5,47.7,47.7,48.0,48.5,49.2,49.7,50.5,51.1,51.5,51.7,51.7,51.8,52.0,52.0,52.0,52.2,52.3,52.3,52.4,52.6,52.6,52.8,52.8,53.0,53.0,53.1,53.2,53.3,53.2,53.8,53.8,53.8,54.0,54.2,54.4,54.5,54.9,54.8,54.9,54.8,54.9,55.0,55.2,55.3,55.4,55.4,55.4,55.5,55.4,55.3,55.3,55.4,55.3,55.3,55.3,55.3,55.1,55.1,55.2,55.2,55.0,55.0,54.9,54.9,54.6,54.5,54.3,54.2,53.8,53.8,53.5,53.4,53.2,53.1,52.9,52.7,52.4,52.4,52.3,52.0,51.9,51.7,51.5,51.1,50.5,50.2,49.7,49.3,49.0,48.6,48.1,47.7,47.4,46.9,44.6,41.7,39.1,37.5,36.2,35.4,35.0,34.4,33.9,33.3,33.1,32.5,32.3,32.0,31.8,31.5,31.4,31.4,31.0,31.0,30.8,30.7,30.5,30.3,30.4,30.3,30.2,30.1,30.1,29.9,29.9,29.8,29.8,29.9,29.7,29.6,29.6,29.6,29.6,29.6,29.6,29.4,29.3,29.4,29.5,29.3,29.3,29.3,29.4,29.2,29.2,29.2,29.2,29.1
102,31.9,31.9,32.0,32.2,32.2,32.2,32.5,32.7,32.6,32.8,32.9,33.0,33.0,33.3,33.3,33.5,33.7,33.9,33.9,34.2,34.4,34.7,34.7,34.9,35.1,35.5,35.7,35.7,36.1,36.5,36.9,37.5,38.7,40.5,42.5,45.2,46.4,46.4,47.3,47.7,47.9,48.0,47.8,47.7,47.7,48.0,48.1,48.6,49.5,50.0,50.5,51.1,51.3,51.6,51.8,51.7,51.9,51.9,51.9,52.1,52.1,52.2,52.3,52.3,52.5,52.6,52.8,52.7,52.9,52.8,53.0,53.1,53.3,53.5,53.6,53.6,53.9,54.1,54.2,54.3,54.4,54.5,54.7,54.7,54.6,54.7,54.9,54.8,55.0,54.9,54.8,55.0,54.9,54.8,54.8,54.7,54.6,54.7,54.7,54.8,54.7,54.6,54.7,54.5,54.6,54.5,54.4,54.3,54.2,54.3,54.2,54.0,53.7,53.6,53.2,53.2,52.9,52.8,52.6,52.4,52.2,52.1,52.0,51.8,51.7,51.4,51.4,50.9,50.4,50.2,49.5,49.2,48.9,48.5,48.1,47.7,47.2,46.7,44.5,41.7,39.3,37.4,36.2,35.5,34.9,34.3,33.9,33.3,33.0,32.6,32.4,32.0,31.8,31.5,31.3,31.1,31.1,30.8,30.8,30.5,30.5,30.5,30.3,30.3,30.2,30.0,29.9,30.0,29.8,29.9,29.9,29.7,29.8,29.7,29.6,29.6,29.6,29.5,29.4,29.4,29.3,29.4,29.2,29.3,29.2,29.3,29.2,29.1,29.4,29.1,29.0,29.1
103,32.0,31.9,31.9,32.3,32.3,32.3,32.5,32.6,32.7,32.9,33.0,33.0,33.1,33.3,33.4,33.6,33.7,33.9,34.0,34.2,34.4,34.6,34.8,35.1,35.1,35.4,35.6,35.9,36.2,36.4,37.0,37.5,38.4,40.1,42.1,44.6,46.3,47.1,47.5,48.1,48.5,48.5,48.3,48.2,48.3,48.3,48.6,49.1,49.7,50.2,50.5,51.0,51.3,51.5,51.6,51.7,51.7,51.9,51.8,52.0,52.1,52.1,52.2,52.2,52.4,52.3,52.5,52.8,52.6,52.5,52.9,53.0,53.1,53.5,53.5,53.5,53.6,53.8,54.0,53.9,54.2,54.4,54.4,54.5,54.5,54.4,54.5,54.6,54.7,54.6,54.6,54.4,54.5,54.3,54.4,54.5,54.4,54.5,54.3,54.3,54.3,54.3,54.4,54.2,54.3,54.3,54.1,53.9,54.1,54.0,53.8,53.8,53.4,53.1,53.2,52.9,52.7,52.6,52.4,52.3,52.2,52.0,51.9,51.7,51.7,51.5,51.2,50.9,50.5,50.0,49.4,49.1,48.8,48.5,48.1,47.6,47.2,46.7,44.5,41.8,39.3,37.6,36.2,35.4,34.8,34.2,33.7,33.2,33.1,32.7,32.3,32.1,31.8,31.5,31.3,31.2,31.1,31.0,30.6,30.7,30.5,30.3,30.4,30.1,30.1,30.0,30.0,30.0,29.9,29.8,29.8,29.7,29.8,29.7,29.6,29.5,29.6,29.6,29.3,29.4,29.4,29.5,29.5,29.2,29.4,29.4,29.2,29.2,29.2,29.2,29.2,29.1
104,32.0,32.1,32.2,32.2,32.4,32.4,32.6,32.8,32.9,33.0,33.1,33.3,33.2,33.4,33.5,33.7,33.9,33.9,34.1,34.4,34.5,34.7,34.9,35.0,35.2,35.4,35.5,35.8,36.1,36.4,36.7,37.2,38.1,39.6,41.5,43.4,45.5,47.2,48.1,48.5,48.8,49.0,48.9,48.9,49.0,49.0,49.3,49.5,49.8,50.4,50.8,51.1,51.1,51.4,51.4,51.5,51.6,51.8,51.7,51.8,51.9,51.9,52.1,52.2,52.1,52.2,52.4,52.3,52.5,52.6,52.6,52.9,52.9,53.2,53.2,53.3,53.5,53.6,53.8,53.8,54.1,54.1,54.2,54.2,54.2,54.2,54.4,54.3,54.3,54.2,54.1,54.2,54.1,54.1,54.1,54.2,53.9,54.1,54.0,54.1,53.9,54.1,54.1,54.1,54.1,53.9,53.9,53.8,53.8,53.7,53.7,53.5,53.3,53.0,53.0,52.8,52.6,52.5,52.4,52.2,52.0,51.9,51.7,51.6,51.5,51.4,51.2,50.7,50.2,49.8,49.4,49.1,48.7,48.5,48.1,47.6,47.3,46.8,44.4,41.8,39.4,37.5,36.4,35.5,34.6,34.3,33.7,33.4,33.0,32.7,32.3,31.9,31.8,31.5,31.4,31.1,31.0,30.9,30.9,30.7,30.5,30.5,30.3,30.2,30.2,30.1,30.1,29.9,29.9,29.8,29.9,29.7,29.6,29.7,29.7,29.5,29.7,29.4,29.5,29.5,29.2,29.4,29.3,29.4,29.1,29.0,29.2,29.2,29.0,29.1,29.1,29.1
105,32.0,32.0,32.2,32.3,32.3,32.5,32.6,32.8,32.8,33.0,33.1,33.1,33.3,33.4,33.6,33.6,33.7,33.9,34.1,34.1,34.3,34.6,34.7,35.0,35.1,35.3,35.6,35.7,36.0,36.2,36.5,37.1,37.7,39.0,40.5,42.7,44.8,46.4,47.8,48.7,49.3,49.5,49.5,49.7,49.6,49.7,49.8,49.9,50.1,50.4,50.7,51.0,51.0,51.1,51.2,51.4,51.2,51.5,51.5,51.5,51.6,51.8,51.8,51.9,52.0,51.9,52.0,52.2,52.2,52.4,52.4,52.7,52.7,52.9,52.8,53.1,53.2,53.2,53.5,53.5,53.8,53.9,54.0,53.9,53.9,54.1,54.2,54.1,54.0,53.9,54.0,53.9,54.0,53.9,53.9,53.8,53.9,53.8,53.7,53.9,53.8,53.8,53.9,53.8,53.7,53.6,53.8,53.5,53.4,53.5,53.3,53.2,53.0,52.8,52.5,52.4,52.4,52.2,52.1,51.9,51.9,51.6,51.6,51.4,51.4,51.2,50.9,50.6,50.2,49.6,49.3,48.9,48.7,48.4,48.0,47.6,47.2,46.7,44.5,41.8,39.4,37.5,36.3,35.3,34.7,34.1,33.9,33.3,32.9,32.6,32.3,32.1,31.7,31.5,31.3,31.3,31.0,30.9,30.6,30.6,30.5,30.4,30.2,30.3,30.2,30.1,30.0,29.9,29.9,29.9,29.8,29.7,29.8,29.8,29.8,29.5,29.6,29.5,29.5,29.4,29.5,29.4,29.3,29.3,29.4,29.3,29.2,29.1,29.2,29.2,29.0,29.2
106,32.3,32.3,32.2,32.5,32.4,32.6,32.7,32.6,32.9,33.0,33.2,33.2,33.4,33.4,33.6,33.6,33.7,33.9,34.2,34.2,34.4,34.5,34.7,35.0,35.3,35.3,35.6,35.8,36.1,36.2,36.5,36.9,37.7,38.6,39.6,41.2,43.1,45.0,47.2,48.9,49.6,49.8,50.0,49.9,50.2,50.0,50.0,50.0,50.0,50.3,50.5,50.6,50.7,50.9,50.9,51.0,51.0,51.2,51.1,51.4,51.3,51.3,51.4,51.4,51.6,51.6,51.5,51.7,51.9,51.9,52.0,52.0,52.2,52.3,52.3,52.6,52.9,53.0,53.3,53.5,53.6,53.6,53.7,53.9,53.8,54.0,53.9,53.9,53.9,53.8,53.9,53.8,53.8,53.9,53.7,53.7,53.7,53.7,53.7,53.7,53.8,53.7,53.7,53.6,53.6,53.6,53.4,53.3,53.2,53.2,53.2,52.9,52.8,52.5,52.5,52.2,52.2,52.0,51.9,51.9,51.7,51.5,51.5,51.4,51.4,51.1,50.8,50.7,50.0,49.5,49.3,49.0,48.7,48.5,48.1,47.7,47.4,46.8,44.7,41.9,39.5,37.6,36.2,35.3,34.8,34.2,33.7,33.3,32.9,32.5,32.4,32.0,31.8,31.5,31.3,31.2,31.1,31.0,30.8,30.7,30.5,30.5,30.5,30.2,30.1,30.1,30.0,30.0,29.9,29.9,29.9,29.8,29.8,29.6,29.6,29.7,29.6,29.6,29.6,29.4,29.2,29.5,29.4,29.4,29.2,29.3,29.3,29.3,29.4,29.1,29.3,29.1
107,32.2,32.3,32.3,32.3,32.4,32.6,32.6,32.7,32.9,33.0,33.2,33.3,33.2,33.6,33.6,33.6,33.9,33.9,33.9,34.2,34.1,34.3,34.7,34.9,35.0,35.2,35.5,35.7,36.0,36.2,36.5,36.9,37.4,38.2,39.0,40.2,42.1,44.1,46.4,48.6,49.3,49.6,49.7,49.8,49.8,49.6,49.7,49.7,49.6,49.7,49.9,50.0,50.0,50.0,50.2,50.2,50.3,50.4,50.5,50.5,50.6,50.6,50.6,50.8,50.8,50.8,50.8,51.0,51.0,51.1,51.1,51.1,51.2,51.2,51.3,51.8,52.1,52.6,53.1,53.0,53.5,53.4,53.5,53.6,53.7,53.7,53.6,53.7,53.8,53.8,53.8,53.6,53.7,53.6,53.7,53.6,53.6,53.6,53.6,53.6,53.6,53.5,53.5,53.5,53.5,53.3,53.2,53.2,53.1,53.0,52.8,52.8,52.5,52.4,52.2,52.0,51.9,52.0,51.7,51.7,51.5,51.3,51.3,51.3,51.1,50.8,50.8,50.3,50.0,49.5,49.2,48.9,48.7,48.5,48.1,47.7,47.2,46.6,44.5,41.9,39.5,37.4,36.4,35.4,34.8,34.2,33.7,33.4,33.0,32.5,32.2,32.2,31.7,31.6,31.4,31.1,31.1,30.8,30.8,30.6,30.4,30.4,30.2,30.3,30.0,30.2,30.0,29.8,29.8,30.0,29.8,29.7,29.6,29.8,29.6,29.5,29.6,29.4,29.4,29.4,29.4,29.2,29.3,29.4,29.2,29.3,29.2,29.1,29.2,29.2,29.2,29.4
108,32.3,32.2,32.2,32.3,32.6,32.6,32.7,32.9,32.9,32.9,33.2,33.2,33.3,33.6,33.7,33.7,33.8,34.0,34.1,34.1,34.4,34.4,34.8,34.8,35.2,35.3,35.6,35.8,36.0,36.3,36.5,36.9,37.3,38.0,38.8,40.3,41.9,43.7,45.8,47.6,48.2,48.6,48.6,48.9,49.0,49.0,48.7,48.8,48.9,48.9,49.2,49.1,49.1,49.3,49.3,49.4,49.5,49.5,49.5,49.6,49.6,49.8,49.8,49.8,49.9,49.8,49.9,50.0,50.0,50.0,49.9,49.9,49.6,49.7,49.8,50.4,51.0,51.9,52.7,52.9,53.1,53.2,53.3,53.3,53.5,53.3,53.5,53.5,53.7,53.5,53.6,53.6,53.6,53.5,53.4,53.5,53.6,53.5,53.5,53.4,53.5,53.5,53.3,53.2,53.2,53.1,53.0,52.8,52.9,52.8,52.7,52.6,52.4,52.3,52.0,51.9,51.8,51.5,51.6,51.5,51.3,51.3,51.2,51.0,51.0,50.8,50.6,50.2,49.8,49.5,49.2,48.7,48.5,48.4,48.0,47.5,47.1,46.6,44.4,41.9,39.4,37.4,36.4,35.4,34.7,34.1,33.8,33.3,33.0,32.6,32.2,32.0,31.7,31.6,31.2,31.1,31.0,30.9,30.7,30.5,30.5,30.4,30.1,30.2,30.1,30.0,30.0,30.0,30.0,29.9,29.8,29.8,29.8,29.8,29.7,29.7,29.7,29.5,29.4,29.5,29.3,29.4,29.6,29.4,29.2,29.4,29.2,29.2,29.1,29.2,29.1,29.2
109,32.2,32.3,32.4,32.4,32.6,32.6,32.6,32.8,32.8,33.2,33.3,33.2,33.4,33.6,33.8,33.9,33.9,34.1,34.1,34.1,34.3,34.5,34.7,34.9,35.0,35.1,35.4,35.7,36.0,36.2,36.6,36.6,37.4,38.0,38.9,40.3,42.0,43.9,45.3,46.3,46.8,47.3,47.7,47.9,48.1,48.3,48.1,48.2,48.2,48.4,48.4,48.5,48.5,48.5,48.7,48.7,48.7,48.8,48.9,48.9,48.9,49.1,49.1,49.0,49.1,49.0,49.1,49.0,49.1,48.8,48.7,48.6,48.3,48.0,48.1,48.7,49.7,51.1,52.3,52.7,53.0,53.1,53.1,53.1,53.2,53.2,53.2,53.3,53.5,53.5,53.5,53.5,53.4,53.4,53.4,53.3,53.5,53.5,53.2,53.4,53.3,53.3,53.2,53.1,52.9,52.9,52.7,52.7,52.5,52.6,52.4,52.5,52.2,52.0,51.9,51.7,51.5,51.6,51.5,51.2,51.2,51.0,51.0,50.9,50.8,50.5,50.6,50.1,49.7,49.3,48.9,48.7,48.5,48.1,48.0,47.5,47.2,46.5,44.5,41.8,39.5,37.4,36.2,35.5,34.9,34.2,33.6,33.2,32.8,32.6,32.3,32.1,31.8,31.6,31.3,31.2,31.1,30.9,30.8,30.6,30.6,30.4,30.3,30.2,30.1,30.1,30.0,30.1,30.0,29.8,29.8,29.8,29.9,29.6,29.8,29.6,29.6,29.5,29.6,29.4,29.6,29.4,29.4,29.4,29.4,29.4,29.4,29.4,29.2,29.3,29.1,29.2
110,32.4,32.5,32.5,32.5,32.4,32.7,32.8,32.9,33.0,33.2,33.0,33.3,33.5,33.6,33.6,33.7,33.9,34.0,34.1,34.2,34.3,34.4,34.5,34.6,34.9,35.2,35.4,35.6,36.1,36.3,36.6,36.8,37.2,37.9,39.0,40.3,42.2,43.9,45.0,45.6,46.2,46.6,47.1,47.5,47.5,47.9,47.7,47.9,48.1,48.2,48.1,48.2,48.3,48.5,48.2,48.5,48.4,48.6,48.6,48.6,48.7,48.6,48.7,48.7,48.6,48.7,48.6,48.6,48.5,48.3,48.0,47.8,47.3,47.0,47.1,47.9,49.2,50.8,52.1,52.5,52.9,52.8,53.0,52.9,53.2,53.1,53.2,53.2,53.2,53.3,53.4,53.3,53.3,53.4,53.3,53.4,53.2,53.3,53.3,53.4,53.2,53.3,53.1,53.0,52.8,52.8,52.6,52.5,52.5,52.3,52.3,52.1,52.0,52.0,51.6,51.5,51.4,51.4,51.3,51.3,51.1,50.9,50.9,50.8,50.6,50.6,50.5,50.2,49.6,49.3,48.8,48.6,48.3,48.1,47.8,47.3,47.1,46.4,44.4,41.6,39.2,37.5,36.3,35.5,34.7,34.2,33.7,33.3,32.9,32.6,32.4,32.1,31.7,31.5,31.3,31.1,30.9,30.9,30.7,30.7,30.7,30.5,30.4,30.3,30.3,30.0,30.1,30.0,29.9,29.8,29.8,29.9,29.8,29.7,29.6,29.6,29.6,29.6,29.5,29.4,29.4,29.4,29.3,29.3,29.3,29.4,29.3,29.2,29.2,29.2,29.1,29.2
111,32.4,32.5,32.6,32.5,32.8,32.9,32.8,32.9,33.0,33.0,33.1,33.3,33.4,33.8,33.7,33.8,33.9,33.9,34.1,34.3,34.2,34.5,34.6,34.7,34.8,35.1,35.4,35.5,36.0,36.2,36.6,36.8,37.5,38.0,39.0,40.4,42.2,44.0,45.1,45.8,46.2,46.6,47.0,47.4,47.5,47.7,47.7,47.8,48.0,48.1,48.1,48.1,48.2,48.3,48.3,48.4,48.4,48.3,48.5,48.5,48.5,48.5,48.6,48.4,48.7,48.5,48.4,48.4,48.2,48.1,48.0,47.7,47.3,47.2,47.3,47.9,49.3,50.8,51.9,52.5,52.7,52.7,52.8,52.6,52.9,52.9,53.0,53.1,53.2,53.2,53.2,53.2,53.3,53.4,53.3,53.2,53.3,53.3,53.2,53.1,53.1,53.0,53.1,52.8,52.7,52.6,52.5,52.2,52.1,52.1,52.1,51.9,51.8,51.6,51.4,51.4,51.4,51.3,51.1,51.0,50.8,50.7,50.7,50.6,50.5,50.4,50.4,49.9,49.6,49.1,48.8,48.5,48.1,48.0,47.6,47.1,46.7,46.3,44.1,41.7,39.3,37.3,36.4,35.5,34.7,34.2,33.5,33.1,32.8,32.5,32.1,32.0,31.8,31.6,31.4,31.1,31.1,30.8,30.6,30.7,30.6,30.4,30.5,30.1,30.2,30.0,30.0,29.9,30.1,29.7,29.9,29.7,29.7,29.7,29.6,29.7,29.6,29.6,29.5,29.4,29.4,29.4,29.4,29.2,29.2,29.4,29.2,29.4,29.4,29.2,29.0,29.2
112,32.6,32.5,32.6,32.7,32.9,32.9,32.9,33.0,33.0,33.2,33.3,33.4,33.4,33.6,33.6,33.8,33.9,33.9,34.1,34.2,34.1,34.4,34.4,34.6,34.9,35.0,35.3,35.4,35.8,36.1,36.5,36.9,37.4,38.0,39.0,40.4,42.2,44.3,45.8,46.2,46.6,46.8,47.2,47.3,47.6,47.7,47.9,48.0,48.1,48.1,48.0,48.4,48.3,48.4,48.4,48.5,48.6,48.6,48.6,48.6,48.7,48.6,48.7,48.6,48.8,48.6,48.6,48.6,48.4,48.4,48.4,48.2,48.0,47.9,48.1,48.6,49.8,51.0,51.9,52.3,52.5,52.7,52.6,52.7,52.7,52.7,52.9,52.9,53.0,53.0,53.1,53.2,53.2,53.2,53.1,53.3,53.2,53.2,53.0,53.0,53.0,53.0,52.8,52.6,52.6,52.3,52.2,52.0,51.9,52.0,51.7,51.6,51.6,51.4,51.3,51.3,51.1,51.0,51.0,50.9,50.8,50.6,50.6,50.5,50.5,50.3,50.2,49.7,49.4,49.0,48.5,48.5,48.1,47.7,47.4,47.0,46.7,46.2,44.1,41.6,39.2,37.3,36.2,35.4,34.5,34.2,33.7,33.2,32.8,32.5,32.1,31.9,31.6,31.5,31.5,31.1,30.9,30.9,30.7,30.6,30.7,30.5,30.4,30.2,30.2,30.1,30.1,30.0,30.0,29.9,29.9,29.8,29.8,29.8,29.8,29.6,29.7,29.6,29.6,29.6,29.6,29.4,29.5,29.5,29.4,29.3,29.2,29.4,29.2,29.2,29.1,29.2
113,32.5,32.5,32.5,32.6,32.8,32.8,32.8,32.9,33.0,33.0,33.1,33.3,33.3,33.5,33.6,33.6,33.8,34.0,34.0,34.0,34.1,34.1,34.4,34.6,34.8,35.1,35.3,35.6,35.7,36.0,36.4,36.8,37.2,37.9,38.7,40.1,41.9,44.0,46.0,47.0,47.5,47.9,47.8,48.0,48.2,48.2,48.3,48.5,48.5,48.6,48.7,48.8,48.7,48.9,49.0,48.9,49.0,49.1,49.2,49.2,49.3,49.3,49.3,49.3,49.3,49.3,49.3,49.3,49.2,49.2,49.1,49.2,49.2,49.2,49.3,49.7,50.4,51.2,52.1,52.2,52.4,52.5,52.3,52.5,52.4,52.6,52.5,52.7,52.8,53.0,52.9,53.1,53.0,53.0,53.0,53.0,53.1,53.0,52.9,52.9,52.8,52.8,52.8,52.5,52.4,52.1,51.8,51.8,51.8,51.6,51.5,51.2,51.1,51.0,51.1,50.9,51.0,50.9,50.8,50.6,50.6,50.5,50.5,50.2,50.3,50.2,50.0,49.6,49.1,48.7,48.5,48.2,47.9,47.7,47.2,47.0,46.7,46.1,43.9,41.7,39.1,37.2,36.1,35.2,34.5,34.0,33.6,33.1,32.7,32.5,32.1,31.8,31.6,31.4,31.2,31.0,30.9,30.9,30.8,30.6,30.5,30.2,30.4,30.1,30.2,30.0,29.9,29.9,30.0,29.9,29.8,29.6,29.7,29.6,29.6,29.6,29.4,29.3,29.6,29.5,29.3,29.3,29.4,29.3,29.2,29.0,29.0,29.2,29.2,29.2,29.2,29.0
114,32.5,32.6,32.6,32.7,32.8,32.8,32.9,32.9,32.9,33.0,33.2,33.3,33.3,33.6,33.6,33.8,33.8,33.9,34.2,34.0,34.1,34.2,34.4,34.6,34.6,35.0,35.2,35.5,35.8,36.0,36.3,36.6,37.1,37.8,38.6,40.0,41.9,44.1,46.5,48.1,48.5,48.6,48.9,49.1,49.0,48.9,49.0,49.1,49.2,49.1,49.3,49.4,49.4,49.5,49.6,49.7,49.8,49.7,49.9,50.0,49.9,50.2,50.2,50.2,50.4,50.0,50.2,50.2,50.3,50.2,50.3,50.4,50.4,50.6,50.6,51.1,51.4,51.8,52.0,52.2,52.2,52.3,52.3,52.1,52.3,52.3,52.5,52.6,52.7,52.7,52.9,53.0,52.8,52.9,52.9,52.8,52.8,52.8,52.7,52.7,52.8,52.6,52.4,52.4,52.2,51.9,51.7,51.6,51.5,51.4,51.2,51.0,50.9,50.9,50.9,50.9,50.9,50.7,50.7,50.6,50.5,50.4,50.4,50.1,50.3,50.1,49.9,49.7,49.1,48.7,48.5,48.1,47.9,47.7,47.4,47.0,46.6,46.0,43.9,41.5,39.1,37.3,36.1,35.3,34.6,34.2,33.6,33.3,32.8,32.5,32.1,31.9,31.6,31.5,31.3,31.0,30.9,30.9,30.7,30.6,30.5,30.4,30.3,30.1,30.1,30.0,29.9,30.1,30.0,29.9,29.7,29.7,29.7,29.8,29.6,29.6,29.7,29.6,29.6,29.5,29.5,29.5,29.5,29.4,29.1,29.2,29.2,29.1,29.1,29.1,29.1,29.2
115,32.5,32.6,32.7,32.6,32.7,32.8,33.0,33.0,32.9,33.1,33.2,33.3,33.2,33.6,33.5,33.6,33.8,33.8,34.0,34.1,34.1,34.2,34.2,34.4,34.6,34.9,35.1,35.4,35.7,35.8,36.4,36.7,37.2,37.7,38.6,39.8,41.9,44.1,46.9,48.6,49.2,49.5,49.4,49.4,49.4,49.4,49.3,49.2,49.4,49.4,49.5,49.6,49.6,49.7,49.6,49.8,49.9,50.0,50.2,50.0,50.3,50.3,50.4,50.5,50.5,50.5,50.6,50.7,50.8,50.8,51.1,51.1,51.2,51.5,51.6,51.8,51.9,52.0,52.0,52.0,52.1,52.1,52.0,52.2,52.0,52.2,52.3,52.4,52.4,52.5,52.6,52.6,52.6,52.6,52.8,52.6,52.5,52.6,52.6,52.4,52.4,52.2,52.2,52.0,51.7,51.8,51.5,51.4,51.3,51.1,51.0,50.8,50.9,50.8,50.7,50.7,50.7,50.7,50.6,50.4,50.4,50.2,50.2,50.1,50.2,50.0,49.9,49.5,49.0,48.7,48.4,48.1,48.0,47.6,47.2,46.9,46.7,46.0,43.9,41.4,39.1,37.3,36.1,35.3,34.6,34.2,33.6,33.3,32.7,32.5,32.0,31.9,31.5,31.3,31.4,31.1,30.9,30.8,30.8,30.5,30.4,30.2,30.2,30.3,30.3,30.1,30.0,30.0,30.0,30.0,29.8,29.8,29.8,29.6,29.7,29.6,29.7,29.5,29.6,29.4,29.4,29.4,29.4,29.5,29.2,29.3,29.2,29.2,29.2,29.1,29.0,29.0
116,32.4,32.5,32.6,32.7,33.0,32.9,33.0,33.0,33.0,33.0,33.3,33.3,33.3,33.6,33.6,33.7,33.9,33.8,34.0,34.0,34.1,34.2,34.4,34.5,34.7,35.0,35.1,35.3,35.7,36.0,36.3,36.7,37.3,38.1,38.7,40.1,42.1,44.2,47.1,48.8,49.3,49.4,49.4,49.4,49.3,49.2,49.2,49.1,49.2,49.1,49.3,49.4,49.5,49.5,49.5,49.7,49.7,49.8,49.9,50.0,50.2,50.3,50.3,50.4,50.6,50.5,50.7,50.8,50.8,51.0,51.1,51.3,51.5,51.5,51.7,51.9,51.9,52.0,52.0,52.0,52.0,51.9,51.9,51.9,52.0,52.0,52.1,52.1,52.1,52.3,52.3,52.3,52.3,52.3,52.3,52.4,52.3,52.3,52.3,52.0,52.2,51.9,51.9,51.8,51.6,51.5,51.3,51.3,51.3,51.1,51.0,50.7,50.7,50.6,50.6,50.6,50.5,50.5,50.4,50.2,50.3,50.2,50.2,50.0,50.0,49.9,49.7,49.3,48.9,48.6,48.4,48.0,47.7,47.5,47.3,46.8,46.6,46.0,44.0,41.4,39.0,37.2,36.1,35.1,34.5,33.9,33.6,33.2,32.6,32.4,32.1,31.9,31.6,31.5,31.2,31.0,30.9,30.8,30.6,30.7,30.5,30.4,30.2,30.3,30.2,30.1,30.0,29.9,30.0,30.0,29.8,29.7,29.8,29.6,29.6,29.6,29.6,29.4,29.4,29.6,29.4,29.4,29.4,29.4,29.4,29.2,29.4,29.2,29.2,29.2,29.1,29.1
117,32.4,32.5,32.6,32.6,32.8,32.9,32.8,33.1,33.0,33.0,33.0,33.2,33.2,33.3,33.5,33.6,33.7,33.8,33.9,33.8,34.0,34.2,34.1,34.4,34.5,34.7,34.9,35.2,35.5,35.9,36.3,36.7,37.3,38.0,39.2,40.7,42.8,44.6,47.0,48.3,48.8,48.8,48.9,48.7,48.7,48.6,48.5,48.5,48.6,48.7,48.5,48.5,48.7,48.7,48.7,48.9,49.0,49.3,49.5,49.8,50.0,50.1,50.2,50.3,50.5,50.5,50.6,50.7,50.8,50.9,51.1,51.3,51.4,51.6,51.6,51.7,51.7,51.7,51.8,51.7,51.8,51.7,51.7,51.7,51.8,51.9,51.9,51.9,51.9,51.9,52.0,51.9,52.1,52.1,52.1,52.0,52.0,51.9,52.0,51.8,51.9,51.8,51.6,51.5,51.2,51.2,51.2,51.0,51.0,51.0,50.8,50.7,50.6,50.5,50.7,50.4,50.4,50.3,50.2,50.2,50.1,50.0,49.9,49.8,49.8,49.6,49.7,49.2,48.8,48.4,48.0,47.9,47.6,47.5,47.1,46.9,46.4,45.9,43.8,41.3,38.9,36.9,36.0,35.3,34.4,33.8,33.6,33.0,32.6,32.3,32.1,31.8,31.5,31.4,31.3,31.1,31.0,30.8,30.6,30.4,30.4,30.4,30.2,30.1,30.0,30.0,30.0,30.0,29.8,29.9,29.9,29.5,29.8,29.6,29.7,29.5,29.5,29.6,29.2,29.5,29.3,29.4,29.4,29.3,29.2,29.2,29.1,29.3,29.1,29.2,29.1,29.0
118,32.5,32.7,32.5,32.8,32.7,32.9,33.0,33.0,33.1,33.2,33.3,33.3,33.4,33.5,33.5,33.6,33.6,33.7,33.9,33.9,34.1,34.2,34.4,34.4,34.6,34.7,34.8,35.2,35.4,36.0,36.5,37.1,38.0,39.1,40.4,42.0,43.9,45.4,47.0,47.8,48.1,48.3,48.3,48.2,47.9,47.7,47.8,47.8,47.9,48.0,48.1,48.0,48.1,48.0,48.2,48.1,48.4,48.6,49.2,49.8,50.0,50.2,50.3,50.4,50.4,50.5,50.5,50.8,50.8,50.9,51.0,51.3,51.2,51.5,51.5,51.5,51.5,51.5,51.5,51.6,51.7,51.7,51.7,51.7,51.8,51.7,51.8,51.8,51.7,51.7,51.8,51.7,51.8,51.9,51.8,51.7,51.6,51.7,51.7,51.6,51.6,51.3,51.4,51.3,51.2,51.1,51.0,51.0,51.0,50.8,50.8,50.6,50.7,50.4,50.4,50.4,50.3,50.1,50.1,50.1,50.0,50.0,49.8,49.8,49.7,49.6,49.4,49.2,48.7,48.4,48.0,47.8,47.5,47.5,47.2,46.7,46.5,46.0,43.7,41.1,38.9,37.2,35.8,35.1,34.5,33.9,33.5,33.1,32.7,32.3,32.1,32.0,31.6,31.4,31.3,31.0,31.0,30.8,30.8,30.6,30.5,30.4,30.3,30.2,30.1,30.0,30.0,30.0,29.9,30.1,29.8,29.7,29.8,29.7,29.7,29.6,29.6,29.6,29.4,29.5,29.6,29.3,29.2,29.2,29.2,29.2,29.2,29.2,29.3,29.2,29.0,29.2
119,32.5,32.7,32.6,32.7,32.8,32.9,33.0,32.8,33.1,33.1,33.2,33.3,33.3,33.4,33.5,33.4,33.6,33.8,33.7,34.0,34.0,34.0,34.2,34.4,34.4,34.7,34.8,35.3,35.6,36.1,37.0,38.1,39.1,40.5,41.8,43.5,45.2,46.2,46.9,47.1,47.4,47.4,47.5,47.4,47.2,47.2,47.1,47.0,47.2,47.3,47.4,47.5,47.5,47.4,47.5,47.6,47.8,48.3,48.9,49.7,50.1,50.1,50.3,50.3,50.5,50.5,50.5,50.6,50.7,50.7,51.0,51.0,51.1,51.3,51.3,51.5,51.4,51.4,51.5,51.5,51.5,51.5,51.5,51.5,51.5,51.5,51.6,51.6,51.7,51.5,51.6,51.5,51.5,51.6,51.5,51.5,51.5,51.4,51.3,51.3,51.2,51.1,51.1,51.1,51.0,50.9,50.8,50.8,50.8,50.7,50.6,50.5,50.3,50.5,50.3,50.2,50.2,50.1,50.1,49.9,49.7,49.8,49.7,49.6,49.5,49.4,49.3,49.1,48.6,48.2,47.9,47.7,47.4,47.4,46.9,46.6,46.3,45.8,43.8,41.2,38.8,37.1,35.9,34.9,34.4,34.0,33.5,33.0,32.6,32.5,32.0,31.9,31.5,31.3,31.2,31.1,30.8,30.8,30.6,30.4,30.5,30.2,30.3,30.1,30.0,30.1,30.0,29.9,29.8,29.8,29.8,29.8,29.7,29.6,29.5,29.5,29.6,29.4,29.5,29.3,29.5,29.5,29.2,29.4,29.4,29.3,29.2,29.3,29.2,29.2,29.0,29.0
120,32.4,32.5,32.6,32.7,32.8,32.8,32.9,33.1,33.0,33.2,33.1,33.1,33.0,33.3,33.4,33.3,33.5,33.6,33.8,34.0,33.9,34.1,34.2,34.4,34.4,34.7,34.8,35.3,35.7,36.6,37.9,39.3,41.0,42.6,43.7,44.8,45.8,46.4,46.7,46.8,47.1,47.1,47.1,46.9,46.8,46.6,46.8,46.6,46.8,46.9,47.0,47.1,47.1,47.1,47.0,47.1,47.4,47.9,48.6,49.6,50.0,50.3,50.3,50.3,50.4,50.5,50.5,50.5,50.6,50.7,50.7,50.8,50.8,50.9,51.1,51.2,51.1,51.2,51.4,51.3,51.4,51.3,51.4,51.5,51.5,51.2,51.4,51.3,51.2,51.3,51.1,51.0,51.3,51.3,51.1,51.1,51.2,50.9,51.0,51.0,50.9,50.8,50.7,50.7,50.8,50.6,50.6,50.5,50.5,50.4,50.4,50.4,50.3,50.4,50.2,50.2,50.0,50.0,49.9,49.8,49.7,49.6,49.6,49.5,49.4,49.3,49.2,48.8,48.6,48.1,47.8,47.5,47.3,47.1,46.9,46.3,46.1,45.7,43.6,41.2,38.9,36.8,35.7,35.1,34.3,33.9,33.5,33.0,32.6,32.4,32.1,31.8,31.5,31.4,31.3,31.0,30.9,30.8,30.6,30.6,30.5,30.3,30.3,30.3,30.2,29.9,30.1,29.9,29.9,29.8,29.8,29.8,29.7,29.6,29.5,29.5,29.5,29.5,29.5,29.5,29.4,29.4,29.4,29.2,29.2,29.3,29.2,29.3,29.3,29.1,29.2,29.0
121,32.4,32.5,32.6,32.5,32.9,32.9,33.0,33.1,33.0,33.3,33.2,33.1,33.3,33.1,33.3,33.4,33.4,33.4,33.6,33.9,33.9,34.0,34.2,34.4,34.2,34.5,34.8,35.2,35.9,37.1,38.7,40.5,42.5,43.7,44.6,45.4,46.1,46.4,46.7,46.6,46.9,46.9,47.0,46.7,46.5,46.4,46.5,46.6,46.8,46.7,46.8,46.8,46.7,46.8,46.6,46.7,47.1,47.8,48.5,49.3,49.9,50.2,50.1,50.2,50.3,50.3,50.3,50.4,50.4,50.5,50.6,50.5,50.6,50.7,50.8,51.1,51.1,51.1,51.2,51.2,51.2,51.1,51.2,51.2,51.3,51.0,51.3,51.1,51.0,51.0,51.1,51.0,50.8,50.8,50.9,50.8,50.8,50.7,50.8,50.6,50.7,50.6,50.5,50.5,50.4,50.5,50.3,50.4,50.3,50.4,50.1,50.2,50.1,50.1,49.9,50.0,49.8,49.8,49.7,49.6,49.6,49.4,49.4,49.4,49.3,49.2,49.0,48.8,48.2,48.0,47.7,47.4,47.2,47.0,46.6,46.1,45.8,45.4,43.4,40.9,38.7,36.9,35.6,34.9,34.3,33.8,33.3,32.8,32.4,32.3,31.8,31.7,31.4,31.3,31.1,31.0,30.9,30.8,30.6,30.4,30.4,30.4,30.2,30.1,30.2,29.9,29.9,29.9,29.9,29.8,29.7,29.8,29.6,29.7,29.5,29.4,29.4,29.5,29.4,29.4,29.4,29.4,29.2,29.2,29.4,29.4,29.2,29.3,29.2,29.2,29.0,29.1
122,32.5,32.6,32.6,32.7,32.7,32.9,32.9,33.1,33.1,33.0,33.1,33.3,33.3,33.3,33.2,33.2,33.4,33.6,33.6,33.7,33.8,34.0,34.2,34.2,34.5,34.6,34.9,35.3,36.1,37.4,39.2,41.5,43.2,44.2,45.0,45.6,46.1,46.5,46.5,46.6,46.6,46.8,46.6,46.5,46.3,46.4,46.2,46.3,46.7,47.0,47.0,47.0,46.7,46.6,46.2,46.2,46.5,47.2,48.2,49.3,49.8,50.1,50.0,50.2,50.3,50.1,50.4,50.3,50.3,50.4,50.4,50.5,50.5,50.7,50.8,51.0,51.0,51.1,51.2,51.0,51.1,51.1,51.3,51.2,51.1,51.0,50.9,51.1,50.9,51.0,50.9,50.8,50.8,50.8,50.8,50.6,50.5,50.6,50.5,50.5,50.3,50.4,50.4,50.3,50.2,50.2,50.2,50.1,50.0,50.1,50.0,50.0,49.9,49.9,49.9,49.8,49.8,49.7,49.6,49.6,49.4,49.4,49.4,49.2,49.0,48.9,48.8,48.5,48.3,47.9,47.7,47.3,47.1,47.0,46.6,46.1,45.9,45.3,43.5,40.9,38.7,36.9,35.6,34.8,34.3,33.8,33.3,33.0,32.5,32.2,31.9,31.7,31.5,31.4,31.1,30.9,31.0,30.7,30.5,30.5,30.4,30.4,30.1,30.0,30.0,30.0,29.9,29.8,29.8,29.7,29.9,29.8,29.7,29.6,29.7,29.6,29.5,29.4,29.3,29.4,29.4,29.3,29.5,29.3,29.2,29.4,29.3,29.4,29.0,29.1,29.0,29.0
123,32.5,32.5,32.6,32.6,32.8,32.9,32.8,33.0,33.0,33.0,33.2,33.3,33.4,33.3,33.4,33.3,33.3,33.4,33.7,33.7,33.8,34.0,34.2,34.4,34.4,34.6,34.8,35.4,36.2,37.7,39.6,41.8,43.5,44.3,45.1,45.8,46.1,46.4,46.6,46.8,46.7,46.7,46.5,46.4,46.3,46.3,46.0,46.2,46.5,47.0,47.0,47.0,46.8,46.3,46.0,45.8,46.3,47.0,47.9,49.0,49.8,50.0,50.0,50.0,50.1,50.1,50.3,50.2,50.3,50.3,50.3,50.3,50.5,50.6,50.8,50.8,50.8,50.8,51.0,51.0,51.0,51.0,51.1,50.8,51.1,51.0,50.8,50.9,50.8,50.9,50.6,50.8,50.6,50.7,50.5,50.5,50.6,50.3,50.3,50.2,50.3,50.3,50.2,50.0,50.1,50.0,50.1,50.0,49.9,50.0,49.9,49.8,49.7,49.8,49.8,49.6,49.6,49.6,49.5,49.4,49.3,49.3,49.2,49.1,49.0,49.1,48.7,48.5,48.3,47.8,47.7,47.2,47.0,46.7,46.5,46.0,45.9,45.4,43.3,41.0,38.6,36.8,35.7,35.0,34.2,33.8,33.4,32.9,32.5,32.1,31.9,31.6,31.6,31.4,31.1,31.0,30.8,30.9,30.5,30.5,30.5,30.4,30.2,30.1,30.1,30.1,29.9,29.9,29.9,30.0,29.8,29.7,29.6,29.6,29.6,29.6,29.5,29.5,29.4,29.4,29.3,29.5,29.3,29.4,29.4,29.2,29.3,29.2,29.2,29.1,29.0,29.2
124,32.5,32.7,32.5,32.7,32.7,32.7,32.9,32.9,33.0,33.1,33.2,33.1,33.2,33.3,33.4,33.4,33.4,33.4,33.6,33.8,33.9,33.9,34.1,34.4,34.5,34.7,34.9,35.3,36.4,38.0,39.8,42.0,43.7,44.5,45.1,45.6,46.2,46.4,46.6,46.5,46.7,46.7,46.5,46.4,46.2,46.1,46.0,46.2,46.5,46.6,46.9,46.8,46.5,46.2,45.7,45.5,45.9,46.5,47.7,48.8,49.5,49.8,49.9,50.0,50.0,50.1,50.1,50.1,50.1,50.4,50.2,50.3,50.4,50.5,50.7,50.8,50.9,51.0,51.0,51.0,51.0,50.9,51.0,50.9,51.0,50.9,50.9,50.8,50.8,50.7,50.7,50.6,50.6,50.5,50.4,50.4,50.3,50.4,50.3,50.1,50.0,50.1,50.0,49.8,50.0,50.0,49.8,49.7,49.8,49.6,49.8,49.7,49.7,49.6,49.6,49.5,49.4,49.5,49.4,49.4,49.1,49.1,49.1,49.0,48.9,48.7,48.7,48.5,48.1,47.8,47.5,47.2,46.9,46.6,46.4,45.9,45.7,45.3,43.2,40.8,38.6,36.8,35.6,34.8,34.2,33.7,33.3,32.8,32.6,32.2,31.7,31.6,31.5,31.3,31.2,31.0,31.0,30.6,30.6,30.4,30.4,30.4,30.3,30.1,30.1,29.9,29.9,29.8,29.8,29.8,29.8,29.7,29.6,29.6,29.6,29.5,29.5,29.4,29.4,29.5,29.4,29.4,29.2,29.3,29.2,29.3,29.3,29.1,29.3,29.3,28.9,29.1
125,32.4,32.8,32.7,32.8,32.8,32.7,33.0,32.9,32.9,33.2,33.2,33.2,33.0,33.3,33.4,33.3,33.4,33.6,33.6,33.8,33.9,34.0,34.2,34.3,34.5,34.7,35.0,35.6,36.6,37.9,39.9,42.2,43.7,44.5,45.1,45.7,46.2,46.5,46.5,46.6,46.7,46.8,46.5,46.5,46.2,46.1,46.0,46.1,46.2,46.4,46.6,46.6,46.4,45.8,45.7,45.4,45.7,46.3,47.4,48.5,49.2,49.6,49.7,49.8,49.9,49.8,49.9,49.9,50.1,50.2,50.0,50.1,50.3,50.4,50.6,50.7,50.8,50.9,50.9,51.0,50.9,50.8,50.9,50.9,50.9,50.7,50.9,50.7,50.7,50.7,50.5,50.5,50.6,50.4,50.4,50.1,50.1,50.1,50.2,50.0,50.2,49.8,50.0,49.8,49.8,49.8,49.7,49.8,49.6,49.7,49.6,49.5,49.6,49.5,49.4,49.4,49.3,49.4,49.1,49.1,49.1,48.9,48.9,48.8,48.8,48.6,48.6,48.4,47.9,47.6,47.4,47.1,46.8,46.6,46.2,45.9,45.5,45.3,43.4,40.9,38.7,36.8,35.6,34.7,34.1,33.7,33.1,32.7,32.4,32.2,31.8,31.6,31.4,31.3,31.1,31.0,30.8,30.7,30.5,30.5,30.4,30.2,30.1,30.1,30.1,29.9,30.0,29.8,29.9,29.8,29.8,29.6,29.6,29.6,29.6,29.6,29.5,29.4,29.4,29.4,29.3,29.2,29.3,29.2,29.2,29.2,29.1,29.1,29.2,29.2,29.0,29.2
126,32.6,32.5,32.5,32.6,32.8,32.8,32.8,32.9,33.1,33.0,33.3,33.2,33.4,33.4,33.4,33.4,33.5,33.5,33.7,33.6,33.9,33.9,34.1,34.4,34.7,34.7,35.0,35.4,36.5,38.0,40.0,42.2,43.7,44.7,45.2,45.7,46.2,46.4,46.6,46.6,46.5,46.9,46.6,46.6,46.4,46.3,46.3,46.1,46.1,46.1,46.3,46.2,45.9,45.8,45.5,45.3,45.7,46.4,47.3,48.5,49.1,49.4,49.5,49.5,49.7,49.7,49.7,49.8,49.9,50.0,50.0,50.0,50.3,50.4,50.5,50.6,50.7,50.7,50.7,50.8,50.7,50.8,50.7,50.8,50.8,50.6,50.7,50.6,50.6,50.5,50.4,50.4,50.4,50.2,50.3,50.2,50.1,50.0,50.0,49.9,49.9,49.8,49.7,49.7,49.6,49.8,49.6,49.5,49.5,49.5,49.6,49.2,49.3,49.3,49.3,49.4,49.2,49.2,49.2,49.1,48.9,48.9,48.9,48.7,48.6,48.7,48.6,48.3,47.9,47.5,47.2,47.0,46.9,46.5,46.2,45.7,45.5,45.1,43.2,40.9,38.5,36.8,35.7,34.8,34.1,33.6,33.0,32.7,32.5,32.1,31.9,31.6,31.4,31.2,31.1,30.8,30.7,30.6,30.7,30.4,30.5,30.3,30.2,30.0,30.1,30.0,30.0,29.7,29.9,29.8,29.9,29.6,29.7,29.6,29.7,29.6,29.7,29.4,29.4,29.2,29.5,29.4,29.3,29.3,29.4,29.3,29.3,29.2,29.3,29.2,29.0,29.1
127,32.5,32.6,32.8,32.6,32.8,32.8,33.0,33.0,32.8,33.0,33.3,33.2,33.3,33.3,33.4,33.4,33.4,33.4,33.5,33.8,33.8,33.9,34.1,34.2,34.5,34.6,35.0,35.5,36.4,38.0,40.0,42.1,43.6,44.7,45.1,45.6,46.1,46.3,46.5,46.6,46.7,46.5,46.6,46.6,46.6,46.3,46.3,46.0,46.0,46.0,45.8,45.9,45.7,45.4,45.4,45.5,45.7,46.5,47.4,48.3,48.8,49.2,49.2,49.2,49.4,49.5,49.7,49.7,49.7,49.8,49.9,49.9,50.0,50.3,50.3,50.5,50.5,50.6,50.6,50.7,50.8,50.6,50.6,50.6,50.6,50.5,50.6,50.5,50.5,50.4,50.4,50.2,50.2,50.0,50.0,49.9,50.0,49.9,49.7,49.9,49.6,49.5,49.6,49.4,49.3,49.4,49.4,49.2,49.3,49.3,49.3,49.3,49.2,49.2,49.2,49.1,49.2,48.9,48.9,48.9,48.9,48.8,48.8,48.7,48.6,48.5,48.4,48.1,47.8,47.5,47.2,47.0,46.7,46.5,46.2,45.7,45.5,45.0,43.2,40.7,38.6,36.7,35.7,34.8,34.1,33.5,33.2,32.9,32.3,32.1,31.8,31.5,31.5,31.1,31.1,30.9,30.8,30.7,30.6,30.5,30.4,30.3,30.2,30.2,30.0,29.8,29.9,29.8,29.9,29.7,29.6,29.7,29.5,29.5,29.6,29.5,29.4,29.5,29.4,29.6,29.3,29.4,29.2,29.5,29.4,29.4,29.1,29.1,29.1,29.2,29.0,29.1
128,32.7,32.6,32.8,32.6,32.8,32.6,32.8,33.0,33.0,33.1,33.1,33.2,33.3,33.4,33.4,33.5,33.5,33.6,33.8,33.7,34.0,34.0,34.1,34.3,34.4,34.7,34.8,35.6,36.3,37.7,39.5,41.9,43.6,44.5,45.2,45.8,46.2,46.4,46.4,46.5,46.7,46.8,46.8,46.8,46.9,46.8,46.6,46.2,46.0,45.7,45.6,45.9,45.7,45.6,45.5,45.7,46.1,46.5,47.6,48.5,49.1,49.3,49.2,49.2,49.2,49.3,49.5,49.5,49.6,49.7,50.0,50.0,50.2,50.2,50.4,50.5,50.4,50.5,50.6,50.6,50.7,50.6,50.6,50.5,50.5,50.6,50.5,50.5,50.5,50.5,50.3,50.0,50.0,50.0,49.9,49.8,49.9,49.9,49.7,49.6,49.4,49.3,49.5,49.2,49.3,49.1,49.2,49.1,49.1,49.0,49.2,49.1,49.1,49.1,49.0,49.1,49.0,48.9,48.9,48.8,48.7,48.6,48.6,48.6,48.6,48.4,48.4,48.1,47.9,47.5,47.4,47.0,46.7,46.3,46.1,45.8,45.5,45.1,43.3,40.7,38.4,36.6,35.5,34.8,34.2,33.7,33.2,32.7,32.5,32.2,31.9,31.5,31.3,31.3,31.0,30.8,30.8,30.7,30.6,30.5,30.4,30.3,30.4,30.0,30.0,30.0,30.0,30.0,29.8,29.8,29.8,29.6,29.6,29.7,29.6,29.6,29.5,29.5,29.4,29.5,29.4,29.6,29.3,29.4,29.4,29.3,29.2,29.2,29.2,29.2,29.0,29.1
129,32.6,32.7,32.5,32.7,32.8,32.8,32.9,32.8,32.9,33.1,33.1,33.2,33.0,33.3,33.6,33.5,33.4,33.5,33.7,33.7,33.7,33.8,34.0,34.1,34.3,34.6,34.8,35.3,36.1,37.3,38.9,40.9,43.1,44.1,44.9,45.6,46.0,46.2,46.4,46.5,46.6,46.7,46.9,46.9,46.8,47.1,46.6,46.3,45.9,45.8,45.8,45.7,45.8,45.9,45.8,46.0,46.2,46.8,47.5,48.4,48.9,49.0,48.8,49.0,49.1,49.2,49.3,49.5,49.5,49.5,50.1,50.1,50.3,50.2,50.2,50.5,50.4,50.5,50.5,50.6,50.6,50.5,50.5,50.6,50.5,50.4,50.4,50.4,50.3,50.3,50.0,50.0,49.8,49.7,49.6,49.6,49.7,49.6,49.4,49.5,49.3,49.1,49.1,49.1,49.2,48.9,48.9,48.9,48.9,48.9,48.8,48.8,48.8,48.8,48.8,48.9,48.7,48.7,48.7,48.6,48.6,48.4,48.5,48.5,48.4,48.3,48.2,48.0,47.6,47.3,47.2,46.9,46.5,46.3,45.9,45.5,45.3,45.0,43.1,40.5,38.5,36.5,35.5,34.6,34.1,33.5,33.1,32.6,32.3,32.0,31.8,31.6,31.3,31.2,31.1,30.8,30.8,30.5,30.5,30.3,30.4,30.3,30.2,30.1,30.0,29.9,29.9,29.8,29.9,29.7,29.7,29.7,29.6,29.4,29.4,29.5,29.6,29.5,29.3,29.5,29.2,29.4,29.2,29.4,29.2,29.2,29.1,29.2,29.2,29.1,29.1,29.2
130,32.5,32.6,32.6,32.7,32.8,32.8,32.7,32.9,32.9,32.9,33.0,33.3,33.2,33.4,33.5,33.4,33.5,33.6,33.6,33.6,33.8,33.8,34.0,34.1,34.4,34.5,34.9,35.3,35.8,36.9,38.0,39.7,41.5,42.9,43.7,44.9,45.7,46.3,46.5,46.6,46.7,46.5,46.7,46.8,46.9,46.6,46.4,46.2,46.2,46.0,46.1,46.1,46.1,46.0,46.2,46.1,46.2,46.7,47.5,48.3,48.8,48.9,48.9,49.0,49.1,49.2,49.3,49.5,49.6,49.6,49.8,50.0,50.2,50.2,50.3,50.5,50.5,50.6,50.7,50.7,50.8,50.8,50.6,50.6,50.6,50.4,50.4,50.3,50.3,50.1,50.0,50.0,49.8,49.7,49.7,49.6,49.5,49.5,49.4,49.3,49.2,49.1,49.0,48.8,48.9,48.9,48.8,48.9,48.8,48.7,48.5,48.7,48.7,48.9,48.6,48.8,48.7,48.6,48.6,48.5,48.5,48.5,48.5,48.4,48.3,48.3,48.3,47.9,47.5,47.2,47.0,46.9,46.4,46.1,45.8,45.7,45.2,44.8,42.8,40.4,38.4,36.5,35.4,34.5,33.9,33.5,33.1,32.7,32.3,32.0,31.8,31.4,31.4,31.1,31.1,30.8,30.7,30.8,30.5,30.3,30.3,30.4,30.2,30.1,29.9,29.9,30.0,29.8,29.8,29.7,29.8,29.5,29.7,29.6,29.4,29.5,29.6,29.5,29.4,29.4,29.4,29.4,29.3,29.4,29.3,29.4,29.1,29.0,29.0,29.0,29.2,29.3
131,32.7,32.5,32.6,32.8,32.8,32.9,33.0,32.9,32.8,33.0,32.8,33.1,33.1,33.3,33.3,33.4,33.5,33.4,33.8,33.7,33.9,34.1,34.1,34.4,34.4,34.7,34.8,35.1,35.5,36.3,37.2,38.1,39.4,40.5,41.6,43.4,44.9,45.9,46.6,47.1,47.1,47.0,46.7,46.8,46.8,46.8,46.5,46.7,46.7,46.7,46.5,46.8,46.8,46.8,46.7,46.8,46.8,47.1,47.6,48.3,48.8,48.8,48.8,49.0,49.1,49.1,49.2,49.4,49.4,49.6,49.8,50.1,50.2,50.3,50.4,50.6,50.7,50.9,50.9,50.9,51.1,51.0,50.8,50.9,50.9,50.6,50.5,50.3,50.3,50.0,49.9,49.8,49.8,49.5,49.5,49.5,49.3,49.3,49.2,49.2,49.1,48.9,48.9,48.9,48.7,48.8,48.7,48.7,48.7,48.6,48.6,48.6,48.6,48.7,48.6,48.7,48.5,48.5,48.4,48.4,48.3,48.3,48.4,48.2,48.4,48.2,48.0,47.8,47.4,47.1,46.9,46.6,46.4,46.1,45.9,45.5,45.0,44.7,42.9,40.5,38.3,36.5,35.4,34.4,33.9,33.4,33.0,32.7,32.3,32.1,31.8,31.6,31.2,31.1,31.2,30.9,30.9,30.8,30.5,30.5,30.2,30.3,30.2,30.1,30.2,30.0,30.0,29.9,29.8,29.9,29.8,29.6,29.7,29.6,29.6,29.5,29.5,29.4,29.5,29.4,29.4,29.4,29.3,29.2,29.4,29.2,29.2,29.2,29.2,29.2,29.1,29.0
132,32.5,32.6,32.5,32.8,32.8,32.7,32.9,32.7,33.0,33.0,33.0,33.0,33.3,33.4,33.3,33.6,33.4,33.6,33.8,33.8,33.8,33.9,34.1,34.1,34.4,34.6,34.8,35.1,35.5,35.8,36.5,37.1,37.9,38.9,40.3,41.8,43.6,45.5,47.1,47.4,47.5,47.5,47.3,47.1,47.2,47.5,47.4,47.6,47.5,47.5,47.5,47.7,47.5,47.5,47.5,47.4,47.5,47.5,47.9,48.2,48.6,48.9,49.0,48.9,49.1,49.1,49.3,49.2,49.5,49.6,49.9,50.1,50.3,50.3,50.5,50.6,50.9,51.1,51.1,51.1,51.3,51.3,51.2,51.1,50.9,50.6,50.2,50.2,50.2,49.9,49.8,49.8,49.6,49.4,49.2,49.3,49.3,49.3,49.1,49.0,48.9,48.9,48.8,48.8,48.8,48.8,48.7,48.6,48.7,48.6,48.5,48.6,48.5,48.5,48.5,48.5,48.4,48.3,48.4,48.3,48.3,48.2,48.4,48.1,48.2,48.1,48.0,47.8,47.5,47.1,46.8,46.6,46.4,46.1,45.8,45.5,45.2,44.7,42.9,40.4,38.1,36.4,35.3,34.2,33.9,33.4,32.9,32.6,32.3,32.0,31.8,31.5,31.2,31.1,30.9,30.9,30.6,30.6,30.4,30.5,30.3,30.3,30.1,30.0,30.0,30.0,29.8,29.8,29.8,29.7,29.7,29.7,29.6,29.7,29.7,29.6,29.6,29.4,29.5,29.4,29.2,29.5,29.2,29.2,29.2,29.2,29.1,29.3,29.2,29.0,29.0,29.0
133,32.5,32.5,32.7,32.7,32.9,32.8,32.7,33.0,32.9,32.9,33.1,33.0,33.2,33.4,33.4,33.4,33.5,33.5,33.7,33.7,33.8,34.0,34.1,34.2,34.3,34.5,34.8,35.0,35.5,35.7,36.0,36.6,37.2,38.0,39.0,40.8,42.8,45.1,47.1,47.9,48.0,47.7,47.7,47.7,47.8,47.9,48.0,48.1,48.1,48.1,48.0,48.1,48.0,48.1,48.0,48.0,47.9,48.1,48.1,48.3,48.4,48.6,48.8,49.0,48.9,48.9,49.0,49.3,49.4,49.5,49.7,50.0,50.2,50.4,50.6,50.8,51.0,51.1,51.3,51.4,51.6,51.6,51.4,51.3,50.9,50.6,50.4,50.3,50.0,49.9,49.7,49.6,49.5,49.3,49.3,49.2,49.0,49.0,48.9,48.8,48.7,48.5,48.8,48.8,48.6,48.7,48.7,48.6,48.5,48.5,48.4,48.4,48.4,48.4,48.3,48.4,48.2,48.2,48.2,48.2,48.2,48.0,48.1,48.0,47.9,48.0,47.8,47.6,47.4,47.3,47.0,47.0,46.7,46.4,46.1,45.9,45.7,44.9,42.9,40.3,38.1,36.4,35.1,34.3,33.6,33.3,32.9,32.5,32.2,32.0,31.6,31.4,31.2,31.1,30.9,30.8,30.9,30.5,30.3,30.4,30.3,30.3,30.1,30.2,30.1,30.0,30.0,29.9,29.9,29.9,29.7,29.7,29.7,29.5,29.6,29.6,29.6,29.4,29.5,29.3,29.3,29.4,29.3,29.4,29.4,29.3,29.2,29.2,29.2,29.0,29.1,29.1
134,32.4,32.6,32.6,32.7,32.8,32.8,32.8,33.1,32.8,32.8,33.0,33.1,33.0,33.3,33.3,33.5,33.6,33.7,33.7,33.6,33.9,33.9,34.0,34.1,34.2,34.4,34.8,35.0,35.4,35.5,36.1,36.4,36.8,37.7,38.5,40.4,42.6,45.1,47.3,47.9,48.0,47.7,47.7,47.8,48.1,48.1,48.2,48.1,48.2,48.2,48.2,48.2,48.1,48.3,48.1,48.1,48.1,48.0,48.1,48.3,48.3,48.5,48.8,48.9,48.9,48.9,48.9,49.2,49.3,49.6,49.7,50.0,50.1,50.4,50.6,50.8,50.9,51.1,51.4,51.5,51.5,51.5,51.6,51.3,51.1,50.7,50.4,50.0,50.0,49.7,49.6,49.4,49.3,49.3,49.2,49.2,48.9,48.9,48.7,48.7,48.7,48.5,48.6,48.6,48.7,48.6,48.7,48.6,48.5,48.4,48.4,48.4,48.1,48.4,48.2,48.2,48.1,47.8,47.7,47.7,47.6,47.6,47.6,47.5,47.6,47.5,47.6,47.7,47.5,47.3,47.2,47.1,46.9,46.6,46.6,46.3,46.1,45.3,43.1,40.2,37.9,36.1,34.9,34.1,33.6,33.3,32.7,32.5,32.1,32.0,31.7,31.3,31.3,31.0,31.0,31.0,30.7,30.7,30.5,30.3,30.3,30.1,30.2,30.1,30.0,29.9,29.9,30.0,29.9,29.8,29.8,29.6,29.7,29.6,29.4,29.6,29.4,29.4,29.2,29.4,29.5,29.3,29.2,29.4,29.3,29.2,29.0,29.1,29.1,29.1,29.1,29.1
135,32.4,32.6,32.6,32.7,32.8,32.8,33.0,32.8,33.0,32.9,32.9,33.0,33.3,33.3,33.4,33.5,33.7,33.8,33.8,33.8,33.8,34.0,34.0,34.1,34.4,34.4,34.6,35.2,35.3,35.5,36.0,36.3,36.8,37.4,38.5,40.2,42.3,45.0,46.9,47.6,47.7,47.7,47.6,47.7,47.8,47.9,48.0,48.0,48.1,48.2,48.2,48.3,48.2,48.2,48.1,48.2,48.0,48.3,48.1,48.2,48.1,48.4,48.6,48.7,48.8,48.7,49.1,49.0,49.2,49.3,49.7,49.9,50.1,50.3,50.6,50.8,50.9,51.1,51.5,51.7,51.7,51.7,51.5,51.3,51.0,50.7,50.4,50.1,49.8,49.7,49.6,49.4,49.2,49.1,49.1,48.9,48.9,48.8,48.7,48.5,48.5,48.4,48.5,48.5,48.5,48.6,48.6,48.4,48.5,48.4,48.3,48.2,48.0,48.1,48.0,47.7,47.6,47.4,47.0,47.0,46.7,46.8,46.5,46.6,46.6,46.8,47.2,47.3,47.4,47.3,47.1,47.0,46.9,46.8,46.8,46.5,46.1,45.3,43.0,40.2,37.7,36.0,34.8,34.1,33.6,33.3,32.8,32.5,32.2,32.0,31.6,31.4,31.2,31.1,30.9,30.7,30.7,30.5,30.5,30.4,30.3,30.2,30.2,30.2,30.0,30.0,29.9,30.0,29.9,29.8,29.9,29.6,29.6,29.6,29.5,29.4,29.5,29.4,29.2,29.4,29.4,29.3,29.4,29.5,29.2,29.1,29.2,29.2,29.2,29.2,29.0,29.1
136,32.5,32.5,32.6,32.7,32.7,33.0,32.8,32.8,32.8,32.9,33.0,33.0,33.0,33.2,33.3,33.4,33.7,33.7,33.7,33.8,34.0,34.1,34.1,34.1,34.4,34.4,34.7,35.0,35.3,35.4,35.8,36.2,36.7,37.3,38.4,40.0,42.1,44.6,46.5,47.1,47.0,46.9,46.8,47.1,47.2,47.5,47.7,47.8,47.8,47.9,48.0,48.0,47.9,48.0,48.0,47.9,48.1,47.9,47.9,47.9,48.0,48.2,48.4,48.6,48.7,48.6,48.6,48.8,48.9,49.2,49.5,49.9,50.0,50.3,50.5,50.7,51.0,51.2,51.5,51.6,51.9,51.8,51.7,51.5,50.9,50.6,50.3,49.8,49.6,49.5,49.3,49.2,49.1,49.0,48.9,48.8,48.7,48.6,48.5,48.4,48.4,48.3,48.3,48.4,48.5,48.7,48.5,48.3,48.3,48.2,48.3,48.2,47.9,47.9,47.7,47.7,47.1,46.5,46.1,45.8,45.8,45.6,45.5,45.4,45.5,45.8,46.5,46.9,47.1,47.0,46.9,46.6,46.3,46.3,46.3,46.3,46.0,45.2,42.8,39.9,37.6,35.7,34.8,33.9,33.5,33.1,32.6,32.5,32.1,31.7,31.5,31.4,31.2,30.9,30.9,30.8,30.7,30.6,30.5,30.3,30.2,30.1,30.2,30.1,30.0,30.0,29.8,29.9,29.9,29.7,29.7,29.5,29.6,29.6,29.6,29.6,29.5,29.4,29.4,29.4,29.3,29.5,29.4,29.3,29.2,29.2,29.2,29.1,29.3,29.1,29.1,29.1
137,32.4,32.5,32.5,32.8,32.8,32.8,32.8,32.9,32.8,32.9,33.0,33.0,33.0,33.2,33.4,33.4,33.6,33.6,33.8,33.9,34.0,34.0,34.1,34.2,34.5,34.7,34.8,35.1,35.3,35.7,36.0,36.3,36.7,37.3,38.4,39.9,41.8,44.1,45.9,46.3,46.2,45.7,45.3,45.4,45.9,46.9,47.4,47.7,47.9,47.7,47.9,48.0,47.9,48.0,47.9,47.8,47.9,47.9,48.0,48.1,48.0,48.1,48.3,48.5,48.5,48.5,48.6,48.6,48.8,49.0,49.3,49.6,49.9,50.1,50.5,50.8,51.0,51.2,51.5,51.5,51.8,51.9,51.6,51.4,50.9,50.6,50.1,49.7,49.7,49.4,49.3,49.1,48.9,48.7,48.6,48.5,48.5,48.4,48.2,48.3,48.3,48.2,48.4,48.3,48.3,48.2,48.3,48.3,48.2,47.9,48.2,47.9,47.8,47.6,47.5,47.3,46.6,46.0,45.5,45.2,44.9,44.8,44.5,44.5,44.6,44.9,45.8,46.3,46.6,46.4,46.0,45.6,45.4,45.5,45.5,45.6,45.5,44.4,42.3,39.6,37.2,35.7,34.6,33.8,33.4,33.2,32.6,32.4,32.1,31.7,31.5,31.3,31.3,31.0,30.8,30.6,30.7,30.5,30.4,30.4,30.2,30.2,30.0,30.1,29.9,30.0,30.0,29.6,29.9,29.8,29.7,29.6,29.6,29.6,29.6,29.6,29.5,29.4,29.3,29.3,29.3,29.2,29.5,29.3,29.4,29.2,29.3,29.1,29.2,29.2,29.1,29.3
138,32.4,32.4,32.3,32.4,32.4,32.8,32.7,33.0,32.7,32.9,32.9,33.0,33.1,33.2,33.3,33.4,33.6,33.5,33.7,33.7,33.9,34.0,34.2,34.2,34.4,34.6,34.7,35.1,35.2,35.5,35.9,36.1,36.5,37.2,38.2,39.7,41.5,43.7,45.2,45.4,45.0,44.3,43.7,43.9,44.6,45.8,47.1,47.3,47.6,47.7,47.8,47.7,47.7,47.7,47.7,47.7,47.8,47.7,47.7,47.7,48.0,48.0,48.2,48.2,48.3,48.4,48.2,48.3,48.6,48.8,49.0,49.4,49.9,50.1,50.4,50.6,50.7,51.1,51.4,51.6,51.8,51.8,51.7,51.5,50.9,50.3,50.1,49.6,49.5,49.3,49.1,49.0,48.6,48.5,48.6,48.3,48.1,48.1,47.9,48.0,48.0,48.0,48.0,48.2,48.0,47.9,48.0,47.8,47.9,47.8,47.7,47.6,47.5,47.4,47.1,46.8,46.2,45.5,44.9,44.5,44.1,43.9,43.8,43.5,43.7,44.2,45.2,45.5,45.7,45.6,44.8,44.1,43.7,43.9,44.2,44.5,44.4,43.7,41.5,39.2,37.1,35.4,34.6,33.7,33.3,32.9,32.5,32.2,32.0,31.7,31.5,31.3,31.1,31.0,30.8,30.7,30.5,30.5,30.3,30.3,30.2,30.1,30.0,29.9,30.0,29.9,30.0,29.9,29.7,29.8,29.6,29.7,29.7,29.4,29.6,29.4,29.5,29.3,29.4,29.4,29.4,29.4,29.4,29.2,29.2,29.2,29.2,29.1,29.1,29.1,29.0,29.0
139,32.3,32.3,32.4,32.5,32.6,32.6,32.8,32.8,33.1,32.9,32.9,33.0,33.1,33.3,33.3,33.3,33.4,33.5,33.8,33.8,34.1,33.9,34.1,34.4,34.4,34.5,34.7,34.9,35.1,35.3,35.8,36.1,36.6,37.1,38.1,39.5,41.4,43.3,44.8,44.7,44.0,43.2,42.5,43.1,43.9,45.3,46.4,47.0,47.2,47.5,47.6,47.8,47.5,47.7,47.7,47.7,47.7,47.7,47.6,47.7,47.9,47.9,48.0,48.1,48.2,48.1,48.2,48.2,48.4,48.7,49.0,49.4,49.6,49.9,50.2,50.5,50.8,51.0,51.1,51.3,51.6,51.6,51.5,51.2,50.8,50.3,49.9,49.6,49.5,49.1,49.0,48.8,48.5,48.5,48.3,48.0,48.2,48.1,48.0,47.9,47.9,47.7,48.0,47.9,48.0,47.9,47.8,47.7,47.7,47.6,47.7,47.6,47.4,47.2,47.1,46.7,46.0,45.3,44.6,43.9,43.7,43.5,43.5,43.3,43.4,44.0,44.8,45.2,45.2,44.6,43.6,42.7,42.1,42.2,42.7,43.4,43.3,42.6,41.0,38.7,36.8,35.2,34.4,33.6,33.3,32.8,32.4,32.1,31.9,31.7,31.4,31.3,31.1,31.0,30.8,30.5,30.5,30.4,30.4,30.3,30.0,30.1,30.1,30.1,29.7,29.8,30.0,29.7,29.8,29.6,29.8,29.5,29.6,29.3,29.5,29.3,29.5,29.4,29.5,29.3,29.5,29.5,29.2,29.3,29.3,29.2,29.2,29.3,29.1,29.0,29.1,29.0
140,32.4,32.6,32.4,32.6,32.6,32.8,32.8,33.0,32.9,32.9,33.0,32.9,33.0,33.3,33.4,33.3,33.4,33.6,33.7,33.9,33.9,34.2,34.1,34.3,34.2,34.5,34.7,35.0,35.2,35.4,35.8,36.2,36.5,37.1,38.1,39.6,41.2,43.1,44.5,44.4,43.8,43.1,42.5,42.7,43.8,45.1,46.3,46.9,47.1,47.2,47.4,47.4,47.4,47.4,47.5,47.5,47.5,47.6,47.5,47.5,47.8,47.9,48.0,48.0,48.0,48.1,48.1,48.2,48.3,48.5,48.9,49.2,49.5,49.7,50.1,50.4,50.3,50.7,50.9,51.0,51.1,51.2,51.1,50.9,50.6,50.2,49.7,49.4,49.2,48.9,48.8,48.7,48.4,48.2,48.1,48.0,48.0,47.8,47.8,47.7,47.9,47.9,47.8,47.7,47.7,47.7,47.4,47.7,47.6,47.5,47.4,47.4,47.3,47.1,46.8,46.5,45.9,45.0,44.1,43.7,43.5,43.1,43.1,42.8,43.1,43.6,44.0,44.6,44.6,43.9,42.6,41.8,40.9,41.0,41.6,42.4,42.6,42.1,40.4,38.2,36.6,35.1,34.3,33.6,33.2,32.7,32.5,32.1,31.9,31.7,31.4,31.2,31.0,31.0,30.9,30.5,30.7,30.6,30.4,30.3,30.3,30.2,30.2,30.0,29.9,29.9,29.8,29.8,29.9,29.8,29.7,29.7,29.6,29.5,29.5,29.4,29.6,29.6,29.3,29.3,29.2,29.3,29.4,29.3,29.2,29.3,29.4,29.2,29.1,29.2,29.0,29.0
141,32.3,32.3,32.2,32.5,32.6,32.8,32.6,32.9,32.8,32.9,33.1,33.0,33.1,33.2,33.4,33.5,33.5,33.6,33.9,33.9,34.1,34.2,34.3,34.3,34.6,34.6,34.9,35.0,35.3,35.5,35.8,36.1,36.4,37.2,38.0,39.5,41.2,43.1,44.3,44.4,44.1,43.5,43.2,43.5,44.3,45.6,46.3,46.8,46.9,47.0,47.2,47.2,47.3,47.3,47.5,47.3,47.4,47.7,47.5,47.6,47.5,47.8,47.9,47.9,47.9,48.1,48.0,47.8,48.2,48.5,48.7,49.1,49.2,49.6,49.8,50.0,50.3,50.3,50.4,50.5,50.8,50.7,50.7,50.5,50.2,50.0,49.6,49.3,49.1,48.8,48.6,48.5,48.3,48.1,47.9,47.8,47.7,47.6,47.7,47.5,47.5,47.6,47.6,47.5,47.5,47.5,47.4,47.4,47.4,47.4,47.1,47.1,47.1,46.9,46.8,46.2,45.5,44.6,44.0,43.5,43.1,42.8,42.6,42.6,42.5,43.0,43.8,44.2,44.0,43.4,42.2,41.2,40.4,40.3,41.2,41.7,42.1,41.6,40.1,37.9,36.2,34.9,34.1,33.4,33.1,32.7,32.3,32.1,31.8,31.5,31.5,31.2,31.0,30.9,30.8,30.8,30.6,30.5,30.4,30.4,30.2,30.1,30.1,30.0,29.9,29.9,29.7,29.7,29.8,29.9,29.7,29.6,29.6,29.6,29.6,29.4,29.5,29.4,29.3,29.4,29.2,29.4,29.3,29.4,29.2,29.3,29.4,29.2,29.2,29.1,28.9,29.1
142,32.2,32.2,32.4,32.4,32.6,32.6,32.6,32.8,32.8,33.0,32.9,33.1,33.1,33.1,33.2,33.4,33.4,33.4,33.7,33.8,34.0,33.9,34.2,34.2,34.5,34.7,34.6,35.0,35.2,35.5,35.6,36.0,36.4,37.0,37.9,39.4,41.2,43.1,44.5,44.7,44.5,44.1,44.2,44.5,45.2,45.7,46.2,46.4,46.6,46.9,46.9,47.0,47.0,47.2,47.2,47.2,47.2,47.3,47.4,47.5,47.5,47.7,47.8,47.8,47.9,47.8,48.0,47.8,48.2,48.3,48.5,48.8,49.1,49.3,49.5,49.7,49.7,49.9,49.9,49.9,50.2,50.2,50.0,50.0,49.8,49.6,49.4,49.1,48.8,48.7,48.5,48.3,48.2,48.1,47.9,47.7,47.6,47.4,47.3,47.2,47.4,47.5,47.5,47.3,47.3,47.2,47.2,47.2,47.1,47.1,46.9,46.9,46.7,46.6,46.6,46.0,45.1,44.3,43.5,42.9,42.8,42.5,42.3,42.3,42.2,42.6,43.2,43.5,43.6,43.2,42.3,41.2,40.8,40.8,41.3,41.6,41.7,41.2,39.7,37.8,36.1,34.7,34.0,33.4,33.0,32.6,32.4,32.0,31.9,31.6,31.4,31.1,30.9,30.9,30.9,30.7,30.6,30.4,30.5,30.5,30.2,30.0,30.1,29.9,29.8,29.8,29.8,29.8,29.8,29.6,29.6,29.6,29.6,29.4,29.4,29.4,29.5,29.4,29.4,29.4,29.4,29.2,29.2,29.2,29.1,29.2,29.2,29.1,29.1,29.0,29.0,29.0
143,32.2,32.2,32.5,32.5,32.4,32.6,32.8,32.7,32.8,32.9,33.0,32.9,33.2,33.3,33.3,33.3,33.4,33.5,33.6,33.7,34.0,34.1,34.4,34.3,34.5,34.6,34.7,35.0,35.2,35.5,35.5,35.8,36.3,36.9,37.8,39.4,41.1,43.1,44.7,44.8,44.8,44.8,45.0,45.2,45.5,46.0,46.2,46.5,46.6,46.6,46.7,46.9,46.9,47.1,47.0,47.1,47.2,47.1,47.2,47.4,47.5,47.5,47.6,47.6,47.8,47.6,47.8,47.9,48.0,48.0,48.4,48.5,49.0,49.1,49.1,49.3,49.3,49.4,49.4,49.6,49.5,49.5,49.6,49.4,49.4,49.3,49.2,49.0,48.6,48.5,48.3,48.1,48.1,47.9,47.7,47.6,47.5,47.3,47.3,47.2,47.3,47.1,47.4,47.1,47.1,47.1,47.0,46.9,46.8,46.7,46.8,46.5,46.3,46.4,46.1,45.8,45.0,44.1,43.6,42.9,42.8,42.5,42.3,42.0,42.1,42.3,42.9,43.1,43.5,43.2,42.5,41.9,41.5,41.3,41.6,41.8,42.0,41.2,39.7,37.7,36.0,34.7,34.0,33.3,32.9,32.5,32.3,32.1,31.6,31.6,31.3,31.2,30.9,30.8,30.7,30.8,30.5,30.6,30.3,30.1,30.2,30.1,30.2,29.8,29.9,30.0,29.7,29.8,29.8,29.7,29.6,29.6,29.5,29.5,29.3,29.4,29.3,29.2,29.4,29.4,29.3,29.2,29.2,29.1,29.0,29.1,29.1,29.1,29.0,29.2,29.0,29.2
144,32.3,32.4,32.4,32.4,32.6,32.6,32.7,32.8,32.7,33.0,33.0,33.2,33.0,33.2,33.6,33.3,33.5,33.7,33.8,33.8,34.1,34.1,34.3,34.5,34.5,34.7,34.8,35.0,35.3,35.3,35.7,36.0,36.4,36.8,37.9,39.5,41.1,43.2,44.7,45.1,45.3,45.3,45.5,45.6,45.8,46.0,46.3,46.3,46.5,46.6,46.7,46.7,46.7,46.9,46.8,46.9,46.9,47.0,47.2,47.2,47.3,47.3,47.5,47.5,47.6,47.7,47.7,47.7,47.9,48.0,48.2,48.5,48.6,48.8,48.9,48.9,48.9,48.9,48.9,49.2,49.0,49.1,49.0,49.1,49.1,49.1,48.8,48.6,48.5,48.3,48.1,48.0,47.9,47.8,47.7,47.5,47.4,47.2,47.2,47.1,47.2,47.1,47.1,47.1,46.9,46.9,46.7,46.6,46.6,46.6,46.5,46.2,46.3,46.3,45.8,45.7,45.0,44.3,43.8,43.4,43.0,43.0,42.7,42.5,42.3,42.6,42.9,43.1,43.3,43.1,42.8,42.5,42.0,42.1,42.0,42.2,42.0,41.5,39.7,37.7,36.0,34.7,33.9,33.2,32.8,32.6,32.3,32.0,31.7,31.6,31.2,31.1,31.1,30.9,30.8,30.7,30.6,30.5,30.3,30.4,30.3,30.1,30.1,29.9,29.9,29.8,29.8,29.9,29.6,29.7,29.8,29.5,29.5,29.6,29.5,29.4,29.5,29.5,29.1,29.5,29.2,29.2,29.2,29.2,29.4,29.2,29.1,29.2,29.3,29.0,29.1,28.9
145,32.4,32.5,32.3,32.4,32.4,32.5,32.6,32.6,32.7,32.9,33.0,33.0,33.2,33.3,33.3,33.4,33.4,33.7,33.8,33.7,33.8,34.0,34.2,34.4,34.7,34.7,34.8,35.0,35.1,35.5,35.7,35.9,36.4,36.9,37.9,39.5,41.2,43.4,44.7,45.3,45.3,45.5,45.4,45.6,45.8,45.9,46.2,46.2,46.4,46.4,46.6,46.4,46.3,46.6,46.6,46.7,46.7,46.9,46.9,47.0,47.1,47.2,47.2,47.4,47.3,47.4,47.6,47.6,47.7,47.9,48.1,48.0,48.4,48.5,48.5,48.6,48.5,48.7,48.8,48.7,48.9,48.9,48.8,48.8,48.8,48.7,48.5,48.4,48.3,47.9,47.9,47.7,47.7,47.5,47.4,47.3,47.1,47.1,47.1,46.9,46.9,46.9,46.9,46.8,46.7,46.7,46.4,46.4,46.2,46.3,46.2,45.9,45.9,45.8,45.8,45.3,45.1,44.5,44.1,43.8,43.6,43.4,43.1,42.9,42.7,42.6,42.9,43.0,43.1,43.1,42.9,42.6,42.5,42.3,42.4,42.3,42.1,41.3,39.6,37.6,35.8,34.6,33.7,33.2,32.6,32.5,32.0,31.9,31.6,31.4,31.3,31.1,30.9,30.9,30.8,30.6,30.5,30.3,30.3,30.2,30.2,30.1,30.0,30.0,29.8,29.9,29.6,29.8,29.7,29.6,29.7,29.6,29.5,29.6,29.5,29.5,29.4,29.4,29.3,29.3,29.2,29.3,29.2,29.2,29.3,29.2,29.2,29.0,29.1,29.2,29.0,29.0
146,32.4,32.3,32.4,32.5,32.5,32.6,32.6,32.8,32.9,32.9,32.9,33.0,33.2,33.3,33.3,33.4,33.4,33.6,33.7,33.7,34.0,34.1,34.2,34.4,34.5,34.7,34.8,35.2,35.3,35.5,35.6,35.9,36.2,36.9,37.8,39.5,41.2,43.2,44.9,45.2,45.3,45.5,45.5,45.6,45.9,45.9,46.0,46.1,46.3,46.3,46.4,46.4,46.2,46.4,46.5,46.4,46.5,46.7,46.6,46.7,46.8,47.0,47.1,47.1,47.2,47.2,47.4,47.4,47.6,47.8,47.9,48.1,48.1,48.3,48.4,48.3,48.3,48.5,48.4,48.4,48.6,48.6,48.5,48.5,48.5,48.4,48.1,48.1,48.1,47.8,47.7,47.6,47.3,47.4,47.2,47.0,47.1,47.0,46.8,46.8,46.8,46.7,46.6,46.6,46.4,46.3,46.1,46.1,46.0,46.0,46.0,45.7,45.6,45.5,45.4,45.3,45.2,44.8,44.4,44.1,43.9,43.8,43.5,43.3,43.1,43.0,43.0,43.1,42.9,42.9,42.9,42.8,42.6,42.5,42.5,42.4,42.1,41.4,39.6,37.6,35.7,34.5,33.8,33.0,32.7,32.5,32.1,31.7,31.6,31.5,31.3,31.1,30.8,30.8,30.7,30.5,30.7,30.5,30.3,30.4,30.2,30.0,30.1,30.0,29.8,29.7,29.8,29.8,29.7,29.7,29.6,29.5,29.5,29.5,29.4,29.2,29.4,29.2,29.2,29.2,29.4,29.3,29.4,29.3,29.1,29.2,29.2,29.2,29.0,29.1,28.9,29.2
147,32.2,32.4,32.4,32.5,32.4,32.6,32.5,32.6,32.6,32.8,33.0,33.1,33.2,33.2,33.3,33.4,33.4,33.5,33.7,33.8,33.9,34.1,34.4,34.4,34.5,34.5,35.0,35.1,35.3,35.4,35.7,35.9,36.1,36.7,37.7,39.2,41.3,43.4,44.9,45.1,45.3,45.4,45.5,45.6,45.7,46.0,46.0,45.9,46.0,45.9,46.1,45.9,46.0,46.1,46.1,46.2,46.1,46.2,46.2,46.3,46.4,46.6,46.6,46.9,47.0,47.2,47.1,47.2,47.6,47.5,47.7,47.7,48.0,48.0,48.0,48.1,48.2,48.3,48.3,48.3,48.3,48.2,48.2,48.3,48.2,48.0,48.0,48.0,47.7,47.6,47.3,47.1,47.0,46.9,46.7,46.6,46.8,46.7,46.6,46.4,46.3,46.4,46.2,46.3,46.1,45.8,45.8,45.6,45.6,45.4,45.2,45.2,45.1,44.9,44.8,44.8,44.6,44.2,44.2,43.9,43.8,43.6,43.3,43.1,43.1,42.9,42.9,42.8,42.7,42.6,42.6,42.4,42.3,42.3,42.4,42.1,42.0,41.2,39.6,37.5,35.6,34.4,33.7,33.2,32.5,32.2,32.1,31.9,31.6,31.3,31.4,31.1,31.0,30.8,30.8,30.6,30.4,30.3,30.2,30.2,30.1,29.9,29.9,30.0,29.8,29.8,29.7,29.8,29.7,29.5,29.8,29.6,29.6,29.6,29.5,29.4,29.5,29.4,29.4,29.4,29.2,29.2,29.2,29.4,29.0,29.2,29.1,29.1,29.1,29.2,28.9,29.2
148,32.4,32.3,32.3,32.5,32.3,32.6,32.6,32.8,32.6,32.8,32.8,33.1,33.1,33.2,33.4,33.4,33.6,33.7,33.6,33.8,34.0,33.9,34.1,34.4,34.6,34.6,35.0,34.9,35.1,35.3,35.6,35.8,36.3,36.7,37.8,39.5,41.2,43.4,44.7,45.2,45.3,45.5,45.6,45.5,45.7,45.7,45.8,45.8,45.9,45.9,45.9,45.8,45.8,45.9,45.8,45.8,45.9,45.9,45.8,45.7,45.8,46.1,46.2,46.8,46.7,47.0,47.0,47.2,47.2,47.4,47.4,47.5,47.5,47.7,47.7,47.8,47.9,47.9,47.8,48.1,48.0,47.9,47.9,47.8,47.8,47.7,47.8,47.6,47.5,47.3,47.0,46.8,46.6,46.3,46.3,46.3,46.2,46.2,46.1,46.1,46.1,46.0,45.9,45.7,45.3,45.0,44.5,44.2,44.0,44.0,43.8,43.7,43.6,43.4,43.4,43.3,43.1,43.0,43.0,43.0,42.7,42.7,42.5,42.3,42.1,41.9,41.9,41.8,41.6,41.6,41.6,41.6,41.5,41.5,41.4,41.5,41.1,40.9,39.1,37.3,35.7,34.3,33.6,33.0,32.7,32.3,32.0,31.8,31.7,31.3,31.2,31.0,30.9,30.9,30.8,30.6,30.6,30.4,30.3,30.1,30.3,30.0,30.1,29.9,29.8,29.9,29.8,29.6,29.8,29.7,29.6,29.6,29.4,29.5,29.5,29.4,29.6,29.6,29.2,29.3,29.2,29.1,29.2,29.2,29.1,29.0,29.0,29.1,29.2,29.0,29.0,29.0
149,32.2,32.5,32.5,32.4,32.5,32.7,32.7,32.6,32.8,32.8,32.8,33.3,33.1,33.2,33.3,33.4,33.6,33.4,33.7,33.7,33.8,34.0,34.2,34.3,34.5,34.6,34.8,35.1,35.3,35.5,35.6,36.0,36.2,36.8,37.9,39.2,41.2,43.2,44.7,45.1,45.3,45.4,45.5,45.7,45.6,45.8,45.7,45.9,46.0,45.8,45.7,45.8,45.6,45.7,45.8,45.7,45.6,45.6,45.4,45.4,45.3,45.5,45.9,46.4,46.6,46.6,46.8,47.0,47.1,47.2,47.1,47.4,47.4,47.5,47.6,47.6,47.7,47.7,47.6,47.7,47.7,47.6,47.6,47.5,47.5,47.5,47.5,47.4,47.1,47.0,46.8,46.6,46.2,46.1,46.0,46.0,46.1,46.1,45.9,46.0,46.0,45.8,45.5,44.9,44.2,43.3,42.5,41.9,41.6,41.5,41.4,41.3,41.1,41.2,41.0,40.9,40.9,40.8,40.7,40.7,40.5,40.4,40.5,40.2,40.2,40.0,39.8,39.8,39.6,39.6,39.5,39.6,39.5,39.6,39.6,39.7,40.0,40.1,38.7,37.1,35.5,34.3,33.6,33.0,32.6,32.3,32.1,31.7,31.5,31.4,31.2,31.0,30.8,30.9,30.5,30.6,30.5,30.5,30.4,30.1,30.2,30.1,30.0,29.8,29.9,29.8,29.7,29.8,29.9,29.7,29.6,29.6,29.6,29.6,29.6,29.5,29.4,29.6,29.3,29.3,29.2,29.4,29.4,29.2,29.0,29.2,29.1,29.0,29.2,29.1,29.1,29.1
150,32.2,32.3,32.5,32.4,32.5,32.5,32.7,32.7,32.8,32.8,32.8,33.3,33.3,33.3,33.3,33.4,33.4,33.7,33.7,33.8,33.9,34.0,34.1,34.3,34.5,34.6,34.8,35.0,35.2,35.4,35.6,35.9,36.1,36.8,37.8,39.2,41.2,43.3,44.6,45.0,45.1,45.3,45.4,45.4,45.6,45.6,45.7,45.6,45.7,45.6,45.7,45.6,45.6,45.6,45.7,45.6,45.5,45.5,45.3,45.2,45.4,45.4,45.8,46.2,46.5,46.6,46.6,46.7,46.9,47.0,47.0,47.0,47.2,47.2,47.3,47.4,47.4,47.4,47.4,47.4,47.4,47.4,47.3,47.2,47.3,47.2,47.1,47.0,46.9,46.8,46.6,46.2,46.1,45.9,45.9,46.0,46.0,45.9,45.9,45.9,45.7,45.6,45.3,44.7,43.7,42.6,41.4,40.5,40.0,39.7,39.5,39.3,39.3,39.1,39.1,39.0,39.0,38.9,38.9,38.7,38.7,38.7,38.5,38.5,38.3,38.2,38.1,38.0,37.9,37.8,37.8,37.7,37.7,37.7,38.0,38.4,39.0,37.9,37.7,36.7,35.3,34.2,33.6,33.0,32.6,32.3,32.1,31.8,31.5,31.4,31.2,31.0,30.9,30.8,30.6,30.6,30.5,30.4,30.2,30.0,30.2,30.1,30.0,29.8,29.8,29.8,29.8,29.7,29.7,29.7,29.6,29.6,29.6,29.6,29.6,29.6,29.5,29.6,29.2,29.2,29.3,29.3,29.4,29.3,29.2,29.1,29.2,29.0,29.1,29.1,29.1,29.0
151,32.2,32.1,32.5,32.4,32.4,32.6,32.6,32.8,32.8,32.8,32.9,33.2,33.2,33.3,33.2,33.5,33.7,33.8,33.8,33.8,33.9,34.1,34.1,34.2,34.6,34.6,34.9,35.0,35.2,35.3,35.7,35.9,36.1,36.7,37.8,39.2,41.2,43.3,44.5,44.9,45.2,45.1,45.3,45.5,45.4,45.5,45.6,45.6,45.5,45.6,45.6,45.5,45.6,45.7,45.6,45.5,45.5,45.3,45.0,45.0,44.9,45.4,45.7,46.1,46.2,46.6,46.5,46.5,46.6,46.8,46.9,46.9,46.9,47.1,47.1,47.1,47.0,47.0,47.2,47.1,47.2,47.1,47.0,47.0,46.9,46.9,46.9,46.9,46.9,46.6,46.3,46.2,45.9,45.9,45.7,45.8,46.0,45.9,45.8,45.7,45.8,45.5,45.1,44.0,42.7,40.9,39.4,38.4,37.9,37.5,37.6,37.5,37.3,37.2,37.0,37.1,37.1,37.1,36.9,36.8,36.9,36.7,36.7,36.6,36.5,36.4,36.3,36.2,36.2,36.1,35.9,36.0,35.9,36.0,36.0,36.4,37.1,38.3,37.4,36.3,35.1,34.1,33.5,33.0,32.5,32.4,32.0,31.8,31.5,31.4,31.3,30.9,30.8,31.0,30.8,30.5,30.4,30.2,30.3,30.0,30.2,30.0,30.1,29.8,29.8,29.8,29.8,29.7,29.8,29.7,29.6,29.6,29.5,29.6,29.6,29.4,29.6,29.5,29.2,29.3,29.3,29.4,29.2,29.4,29.1,29.1,29.3,29.2,29.0,29.1,29.1,29.0
152,32.3,32.2,32.2,32.4,32.5,32.6,32.7,32.7,32.7,32.8,32.8,32.9,32.8,33.2,33.4,33.4,33.5,33.7,33.7,33.7,33.9,33.9,34.0,34.4,34.4,34.6,34.8,34.8,35.1,35.3,35.6,35.8,36.1,36.6,37.8,39.3,41.0,43.3,44.4,44.9,45.0,45.2,45.1,45.3,45.1,45.3,45.3,45.4,45.4,45.5,45.5,45.5,45.4,45.5,45.5,45.5,45.4,45.4,45.0,45.2,45.4,45.6,45.7,46.0,46.1,46.3,46.3,46.5,46.5,46.6,46.6,46.7,46.6,46.6,46.8,47.0,46.9,46.9,47.0,46.8,46.8,46.8,46.7,46.8,46.8,46.7,46.6,46.6,46.5,46.2,46.0,46.0,46.0,46.0,45.8,45.7,45.7,45.8,45.7,45.7,45.6,45.4,45.0,43.9,42.1,40.3,38.4,37.3,36.8,36.5,36.4,36.4,36.2,36.1,36.0,36.0,35.8,35.9,35.9,35.7,35.7,35.7,35.7,35.5,35.6,35.3,35.3,35.2,35.1,34.9,35.0,35.2,34.9,35.0,35.0,35.3,36.4,37.5,37.1,36.2,35.1,33.9,33.3,32.9,32.5,32.1,31.8,31.7,31.3,31.3,31.1,30.8,30.8,30.7,30.6,30.4,30.4,30.3,30.1,30.0,30.0,29.9,30.0,30.0,29.8,29.8,29.8,29.7,29.6,29.7,29.5,29.5,29.6,29.6,29.4,29.4,29.5,29.4,29.1,29.4,29.2,29.3,29.2,29.3,29.1,29.2,29.2,29.1,29.1,28.9,28.9,29.0
153,32.1,32.3,32.4,32.5,32.4,32.5,32.8,32.7,32.6,32.7,32.8,33.0,33.2,33.2,33.3,33.5,33.6,33.5,33.8,33.8,34.0,33.9,34.2,34.2,34.3,34.7,34.7,34.8,35.2,35.3,35.5,35.7,36.1,36.7,37.6,39.1,41.1,43.2,44.4,44.8,44.8,44.9,45.0,44.8,44.9,45.1,44.9,45.2,45.3,45.3,45.4,45.5,45.5,45.5,45.4,45.4,45.4,45.3,45.4,45.3,45.5,45.7,45.9,46.0,46.1,46.0,46.1,46.3,46.4,46.4,46.4,46.5,46.4,46.4,46.4,46.5,46.4,46.6,46.6,46.4,46.6,46.5,46.5,46.3,46.5,46.4,46.5,46.4,46.3,46.3,46.0,45.9,45.8,45.8,45.7,45.8,45.7,45.8,45.7,45.8,45.6,45.5,45.1,43.9,42.0,40.0,38.1,36.9,36.4,36.0,36.0,35.8,35.8,35.7,35.6,35.5,35.5,35.4,35.3,35.4,35.1,35.2,35.3,35.0,35.1,34.8,34.7,34.8,34.6,34.7,34.5,34.6,34.5,34.6,34.5,34.9,36.1,37.2,36.7,36.0,34.8,33.8,33.2,32.8,32.3,32.2,31.9,31.6,31.4,31.2,31.1,30.9,30.7,30.8,30.8,30.4,30.5,30.2,30.1,30.1,30.0,30.0,29.8,29.9,29.8,29.8,29.7,29.6,29.8,29.6,29.6,29.4,29.5,29.5,29.4,29.3,29.4,29.2,29.1,29.2,29.2,29.1,29.4,29.2,29.1,29.2,29.2,29.1,29.1,29.1,28.8,29.1
154,32.2,32.2,32.3,32.4,32.4,32.3,32.5,32.6,32.7,32.8,32.8,32.9,32.8,33.2,33.3,33.3,33.4,33.6,33.7,33.9,33.8,33.8,34.1,34.0,34.2,34.4,34.6,34.8,34.9,35.1,35.5,35.7,36.0,36.5,37.7,39.2,41.0,42.9,44.1,44.2,44.4,44.5,44.6,44.8,44.7,44.6,44.6,44.8,44.9,45.0,45.0,45.1,45.3,45.3,45.3,45.2,45.3,45.3,45.3,45.3,45.4,45.6,45.8,45.7,45.9,45.8,46.1,46.1,46.1,46.3,46.1,46.1,46.1,46.0,46.0,46.1,46.1,46.1,46.2,46.3,46.3,46.2,46.1,46.2,46.2,46.1,46.2,46.1,46.1,46.0,45.9,45.7,45.7,45.6,45.6,45.6,45.6,45.6,45.6,45.6,45.6,45.4,45.0,43.8,42.0,40.0,38.0,36.7,36.1,36.0,35.8,35.8,35.6,35.5,35.4,35.3,35.3,35.3,35.1,35.1,35.1,35.0,34.9,34.9,34.8,34.8,34.7,34.6,34.5,34.4,34.5,34.4,34.4,34.5,34.5,34.8,35.8,37.1,36.8,35.8,34.8,33.8,33.1,32.6,32.3,32.1,31.9,31.6,31.5,31.3,30.9,30.9,30.9,30.6,30.5,30.6,30.4,30.2,30.2,30.2,30.2,30.0,30.0,30.0,29.8,29.8,29.7,29.6,29.7,29.3,29.6,29.6,29.6,29.5,29.5,29.4,29.2,29.3,29.2,29.3,29.2,29.2,29.2,29.2,29.2,29.0,29.2,29.2,29.2,29.1,28.8,29.0
155,32.0,32.2,32.4,32.2,32.4,32.5,32.5,32.7,32.7,32.8,32.8,32.8,32.9,33.1,33.2,33.5,33.5,33.4,33.8,33.7,34.1,33.8,34.0,34.0,34.0,34.4,34.5,34.8,35.0,35.3,35.5,35.6,36.1,36.5,37.7,39.1,40.5,42.1,43.1,43.5,43.6,43.8,43.8,43.8,44.0,43.9,43.9,44.0,44.1,44.2,44.6,44.6,44.6,44.7,44.5,44.6,44.6,44.6,44.8,44.8,45.0,45.3,45.3,45.3,45.4,45.5,45.6,45.9,45.8,45.8,45.8,45.6,45.4,45.5,45.5,45.4,45.5,45.6,45.5,45.6,45.6,45.6,45.7,45.6,45.6,45.5,45.5,45.5,45.5,45.5,45.4,45.4,45.3,45.3,45.1,45.3,45.3,45.3,45.3,45.6,45.5,45.3,44.9,43.8,42.0,39.9,37.8,36.5,36.0,35.7,35.7,35.6,35.5,35.5,35.4,35.4,35.2,35.1,35.1,35.1,34.9,35.0,35.0,35.0,34.8,34.7,34.6,34.5,34.4,34.5,34.4,34.3,34.2,34.4,34.4,34.7,35.8,37.1,36.7,35.8,34.8,33.7,33.2,32.7,32.5,32.3,31.8,31.5,31.3,31.2,31.2,30.9,30.9,30.6,30.4,30.4,30.5,30.2,30.1,30.1,30.0,30.0,30.1,29.8,29.8,29.6,29.6,29.8,29.7,29.6,29.5,29.5,29.5,29.4,29.6,29.3,29.4,29.3,29.3,29.2,29.2,29.3,29.1,29.1,29.1,29.1,29.0,29.3,29.2,29.2,29.0,28.9
156,32.1,32.0,32.3,32.3,32.6,32.5,32.7,32.6,32.7,32.5,32.9,33.0,33.0,32.9,33.2,33.4,33.3,33.4,33.6,33.6,33.8,33.8,33.9,34.1,34.1,34.3,34.4,34.7,34.7,35.1,35.4,35.7,36.2,36.7,37.6,39.1,40.2,41.2,41.8,41.9,42.3,42.5,42.6,42.7,42.7,42.6,42.6,42.7,42.8,43.1,43.2,43.4,43.4,43.6,43.3,43.1,43.1,43.1,43.3,43.5,43.7,43.9,44.3,44.5,44.6,44.7,45.1,45.5,45.6,45.4,45.0,44.5,44.1,44.1,43.9,44.1,44.2,44.1,44.2,44.3,44.3,44.2,44.2,44.2,44.3,44.4,44.4,44.2,44.3,44.4,44.2,44.4,44.3,44.2,44.2,44.0,44.3,44.5,45.1,45.4,45.5,45.3,44.9,43.8,42.0,39.7,37.8,36.5,36.0,35.8,35.6,35.5,35.5,35.5,35.3,35.1,35.2,35.2,35.1,35.0,35.1,34.9,34.8,34.8,34.7,34.4,34.6,34.6,34.5,34.4,34.3,34.2,34.4,34.3,34.4,34.7,35.9,36.9,36.6,35.7,34.7,33.7,33.0,32.6,32.5,32.0,31.8,31.5,31.4,31.2,31.1,30.8,30.8,30.7,30.4,30.4,30.4,30.3,30.1,30.0,30.0,29.9,29.9,30.0,29.8,29.7,29.9,29.6,29.6,29.4,29.5,29.5,29.4,29.2,29.4,29.2,29.2,29.4,29.4,29.2,29.2,29.2,29.4,29.2,29.1,28.9,29.1,29.0,28.9,28.9,29.0,29.0
157,32.0,32.1,32.4,32.4,32.4,32.5,32.5,32.6,32.7,32.6,32.8,32.8,32.8,33.1,33.1,33.3,33.4,33.6,33.7,33.6,33.8,33.9,33.9,33.9,34.2,34.4,34.3,34.5,34.9,34.9,35.4,35.7,36.1,36.7,37.7,38.9,40.0,40.8,41.0,41.1,41.1,41.5,41.6,41.7,41.7,41.8,41.6,41.5,41.8,42.0,42.3,42.4,42.2,42.5,42.3,42.1,41.8,41.8,42.1,42.2,42.6,42.9,43.1,43.5,43.8,44.2,44.5,44.7,45.0,44.6,44.0,43.4,42.8,42.6,42.7,42.7,42.9,42.8,42.9,42.7,43.0,42.8,42.9,43.0,42.9,42.9,43.0,43.0,42.9,42.9,42.9,43.1,42.8,43.0,42.8,42.8,43.2,43.6,44.2,44.9,44.9,45.0,44.8,43.8,42.0,39.8,37.9,36.5,35.9,35.7,35.6,35.5,35.4,35.3,35.2,35.2,35.2,35.2,35.0,34.9,34.9,35.0,34.7,34.7,34.6,34.7,34.5,34.5,34.4,34.3,34.2,34.4,34.2,34.4,34.3,34.6,35.9,37.1,36.6,35.8,34.6,33.8,33.0,32.5,32.2,32.0,31.8,31.5,31.3,31.2,31.1,30.8,30.9,30.8,30.7,30.4,30.2,30.2,30.3,30.1,30.0,29.8,29.8,30.0,29.8,29.8,29.8,29.7,29.7,29.4,29.6,29.5,29.6,29.4,29.5,29.4,29.5,29.3,29.2,29.2,29.1,29.2,29.0,29.2,29.2,29.1,29.2,29.1,29.1,28.9,29.0,29.1
158,32.1,32.1,32.1,32.2,32.5,32.5,32.6,32.6,32.6,32.8,32.8,32.8,32.8,32.9,33.1,33.2,33.3,33.4,33.5,33.6,33.7,33.9,33.9,34.1,34.1,34.0,34.4,34.7,34.6,34.9,35.2,35.4,36.0,36.7,37.7,38.7,39.6,40.0,40.3,40.2,40.4,40.7,40.8,40.7,40.5,40.7,40.6,40.7,40.7,40.9,41.0,41.2,41.2,41.1,41.0,40.9,40.7,40.8,41.1,41.2,41.6,42.1,42.2,42.7,43.1,43.6,43.9,44.3,44.4,44.1,43.3,42.5,41.9,41.5,41.5,41.5,41.6,41.6,41.7,41.6,41.6,41.6,41.7,41.6,41.7,41.7,41.6,41.8,41.6,41.8,41.8,41.9,41.8,41.8,41.8,42.0,42.2,42.8,43.4,44.2,44.8,44.9,44.7,43.6,41.8,39.6,37.6,36.5,36.0,35.5,35.6,35.4,35.4,35.4,35.3,35.1,35.3,35.1,35.1,34.9,34.9,34.9,35.0,34.7,34.6,34.7,34.5,34.5,34.5,34.3,34.4,34.3,34.2,34.3,34.4,34.7,35.8,36.9,36.5,35.7,34.6,33.5,32.9,32.5,32.1,31.8,31.9,31.5,31.2,31.2,31.0,30.7,30.7,30.5,30.5,30.4,30.3,30.2,30.2,30.0,30.0,30.0,29.8,29.8,29.8,29.6,29.6,29.7,29.7,29.7,29.5,29.5,29.4,29.4,29.3,29.4,29.4,29.1,29.4,29.2,29.1,29.2,29.1,29.2,29.0,29.1,29.1,29.0,29.0,29.1,28.9,28.9
159,32.2,32.0,32.1,32.3,32.2,32.6,32.5,32.6,32.6,32.7,32.7,32.7,32.8,33.0,33.0,33.0,33.1,33.3,33.5,33.6,33.6,33.8,33.8,33.8,34.0,34.1,34.2,34.3,34.7,34.7,35.0,35.3,36.0,36.7,37.6,38.7,39.4,39.7,39.8,40.1,40.0,40.1,40.1,40.1,40.2,40.1,39.9,40.1,40.1,40.3,40.2,40.3,40.2,40.4,40.1,39.9,40.0,40.1,40.3,40.6,41.0,41.7,41.8,42.3,43.0,43.2,43.7,43.9,43.9,43.5,42.6,41.6,41.1,40.8,40.7,40.7,40.8,40.7,40.8,40.8,40.8,40.8,40.7,40.8,41.0,40.9,40.9,40.8,40.8,40.7,40.7,40.8,40.9,40.9,40.7,41.0,41.2,41.9,42.8,43.5,44.4,44.6,44.5,43.7,41.7,39.7,37.6,36.3,35.9,35.8,35.6,35.7,35.4,35.2,35.2,35.2,35.1,35.1,35.1,35.0,35.0,34.9,34.7,34.8,34.7,34.5,34.6,34.5,34.5,34.3,34.4,34.3,34.2,34.3,34.3,34.8,35.7,37.1,36.5,35.6,34.6,33.7,33.0,32.5,32.2,31.9,31.8,31.5,31.3,31.1,31.1,30.8,30.8,30.8,30.5,30.5,30.2,30.2,30.2,30.1,29.8,29.8,29.6,29.7,29.6,29.6,29.6,29.6,29.6,29.5,29.6,29.4,29.5,29.3,29.3,29.4,29.2,29.2,29.2,29.1,29.2,29.3,29.2,29.1,29.1,29.2,29.1,28.8,29.0,29.0,29.0,29.1
160,32.1,32.0,32.1,32.2,32.3,32.4,32.6,32.5,32.6,32.6,32.7,32.8,32.8,32.8,33.0,33.2,33.1,33.2,33.4,33.4,33.6,33.8,33.7,33.9,34.0,34.2,34.1,34.4,34.5,34.7,35.0,35.3,35.8,36.5,37.6,38.5,39.4,39.6,39.6,39.7,39.7,39.6,39.8,39.7,39.6,39.6,39.7,39.7,39.7,39.7,39.7,39.8,39.7,39.8,39.6,39.6,39.6,39.8,40.1,40.4,40.8,41.3,41.8,42.0,42.6,43.1,43.5,43.7,43.6,43.0,42.3,41.1,40.5,40.2,40.2,40.2,40.2,40.2,40.3,40.1,40.3,40.2,40.2,40.2,40.3,40.2,40.2,40.1,40.3,40.1,40.2,40.3,40.2,40.2,40.1,40.3,40.7,41.3,42.1,43.1,44.0,44.3,44.4,43.3,41.5,39.7,37.7,36.5,35.9,35.7,35.6,35.6,35.6,35.3,35.2,35.1,35.1,35.0,35.1,34.9,34.9,34.9,34.8,34.6,34.5,34.6,34.6,34.5,34.4,34.2,34.2,34.2,34.4,34.1,34.4,34.6,35.8,36.8,36.5,35.6,34.4,33.4,32.9,32.4,32.0,31.9,31.6,31.3,31.3,31.1,30.9,30.8,30.7,30.5,30.5,30.4,30.3,30.2,30.4,30.1,30.0,29.8,29.7,29.7,29.8,29.7,29.7,29.7,29.7,29.6,29.5,29.4,29.6,29.5,29.4,29.3,29.2,29.6,29.4,29.2,29.2,29.2,29.2,29.2,29.1,29.0,29.1,29.0,29.0,29.0,28.9,29.0
161,32.0,32.1,32.1,32.2,32.3,32.3,32.5,32.7,32.6,32.7,32.6,32.6,32.8,32.9,33.0,33.0,32.9,33.2,33.2,33.4,33.6,33.4,33.8,33.8,33.9,33.9,34.1,34.2,34.4,34.7,35.1,35.2,35.7,36.5,37.4,38.3,39.3,39.5,39.5,39.6,39.5,39.5,39.5,39.4,39.5,39.5,39.5,39.4,39.4,39.5,39.4,39.5,39.4,39.5,39.5,39.4,39.5,39.6,39.8,40.3,40.8,41.4,42.0,42.3,42.8,43.1,43.6,43.8,43.8,43.0,42.0,40.8,40.5,40.0,39.9,40.0,40.0,40.0,40.1,40.0,39.9,39.9,40.0,39.9,39.9,40.1,40.0,40.0,40.0,39.8,40.0,39.9,40.0,40.0,40.0,40.1,40.3,41.0,41.8,42.9,43.8,44.2,44.1,43.1,41.5,39.4,37.4,36.4,36.0,35.7,35.7,35.6,35.5,35.4,35.2,35.1,35.0,35.1,35.1,34.8,35.0,34.9,34.8,34.7,34.6,34.7,34.6,34.4,34.4,34.4,34.3,34.2,34.2,34.2,34.3,34.6,35.7,36.7,36.5,35.4,34.4,33.4,32.8,32.3,32.0,31.8,31.6,31.5,31.2,31.1,31.0,30.8,30.5,30.5,30.3,30.3,30.3,30.2,30.2,30.0,29.8,29.9,29.9,29.9,29.6,29.6,29.6,29.5,29.4,29.5,29.4,29.5,29.6,29.4,29.4,29.2,29.5,29.2,29.2,29.4,29.2,29.2,29.2,29.0,29.2,29.1,29.0,28.9,29.0,29.1,29.0,28.9
162,32.0,32.0,32.1,32.2,32.3,32.3,32.3,32.4,32.6,32.7,32.7,32.7,32.7,33.0,32.9,33.0,33.1,33.0,33.1,33.3,33.4,33.4,33.6,33.6,33.8,33.9,34.0,34.1,34.2,34.4,34.7,35.1,35.7,36.5,37.3,38.2,39.2,39.3,39.3,39.4,39.4,39.5,39.2,39.4,39.4,39.3,39.3,39.2,39.2,39.4,39.2,39.3,39.3,39.2,39.1,39.2,39.4,39.5,39.9,40.3,40.8,41.8,42.3,42.9,43.4,43.6,43.9,43.9,43.6,42.9,41.9,40.8,40.3,40.0,40.0,39.9,39.9,40.0,39.9,39.9,39.9,39.8,39.8,39.9,40.1,39.8,39.8,39.9,39.8,39.8,39.7,39.7,39.7,39.8,40.0,39.9,40.4,41.2,42.1,42.9,43.5,44.0,43.9,43.0,41.2,39.4,37.5,36.6,35.9,35.7,35.6,35.6,35.3,35.3,35.2,35.0,35.3,35.1,35.1,35.0,34.9,34.8,34.8,34.7,34.7,34.6,34.6,34.5,34.4,34.3,34.4,34.3,34.2,34.2,34.1,34.7,35.8,37.1,36.4,35.4,34.3,33.4,32.7,32.5,32.0,31.8,31.6,31.5,31.3,31.1,31.0,30.8,30.6,30.5,30.4,30.2,30.3,30.2,30.2,29.9,29.9,29.9,30.0,29.8,29.8,29.8,29.6,29.5,29.5,29.5,29.5,29.5,29.4,29.3,29.3,29.3,29.4,29.3,29.1,29.1,29.3,29.2,29.2,29.1,29.3,29.0,29.1,29.0,29.0,28.9,29.0,29.0
163,32.1,32.0,32.1,32.1,32.2,32.2,32.3,32.4,32.4,32.5,32.6,32.6,32.7,32.8,32.9,32.9,32.8,33.0,33.2,33.3,33.3,33.4,33.6,33.6,33.9,33.8,33.8,34.1,34.2,34.4,34.7,34.9,35.5,36.4,37.2,38.2,39.1,39.3,39.5,39.3,39.4,39.2,39.3,39.2,39.2,39.3,39.2,39.4,39.3,39.2,39.4,39.2,39.3,39.1,39.1,39.2,39.2,39.5,39.8,40.4,41.2,42.1,42.7,43.3,43.7,44.1,44.0,44.0,43.6,42.8,41.8,40.8,40.3,39.9,39.9,39.9,39.8,39.9,39.7,39.9,39.8,39.8,39.7,40.0,39.8,39.8,39.7,39.7,39.7,39.7,39.7,39.7,39.7,39.7,39.7,40.0,40.4,41.2,42.2,43.0,43.5,43.8,43.8,42.8,41.1,39.0,37.3,36.2,35.8,35.7,35.5,35.5,35.2,35.2,35.2,35.2,35.1,35.1,35.0,34.8,34.9,34.8,34.7,34.7,34.7,34.5,34.6,34.6,34.4,34.2,34.2,34.3,34.2,34.1,34.3,34.6,35.8,36.8,36.5,35.3,34.4,33.4,32.7,32.3,31.8,31.5,31.4,31.3,31.2,31.0,30.8,30.5,30.6,30.6,30.4,30.4,30.3,30.2,30.1,30.0,29.9,29.9,29.9,29.6,29.7,29.7,29.7,29.5,29.5,29.6,29.5,29.4,29.4,29.5,29.4,29.4,29.3,29.2,29.1,29.3,29.1,29.2,29.1,29.0,29.0,29.2,29.0,28.9,29.0,29.0,28.9,28.9
164,32.1,32.1,32.1,32.2,32.1,32.2,32.3,32.5,32.4,32.4,32.5,32.7,32.6,32.7,32.8,32.7,32.8,33.0,33.1,33.1,33.3,33.3,33.4,33.5,33.6,33.7,33.8,33.9,33.9,34.3,34.6,34.8,35.6,36.2,37.2,38.2,39.2,39.2,39.4,39.3,39.2,39.3,39.3,39.1,39.3,39.4,39.2,39.1,39.2,39.1,39.1,39.2,39.2,39.2,39.1,39.2,39.4,39.2,39.8,40.4,41.2,42.3,43.1,43.6,44.0,44.1,44.2,44.0,43.5,42.6,41.8,40.7,40.2,40.0,40.0,39.8,39.7,39.8,39.7,39.8,39.7,39.8,39.8,39.7,39.6,39.7,39.6,39.8,39.7,39.7,39.7,39.6,39.7,39.7,39.7,39.9,40.6,41.6,42.3,43.4,43.6,43.8,43.7,42.6,40.8,38.9,37.3,36.2,35.9,35.6,35.5,35.3,35.2,35.2,35.1,35.1,35.1,35.1,34.8,34.9,34.9,34.8,34.7,34.7,34.5,34.6,34.7,34.6,34.4,34.4,34.2,34.4,34.1,34.3,34.3,34.7,35.7,36.8,36.4,35.5,34.2,33.4,32.8,32.1,32.1,31.7,31.4,31.1,31.1,31.1,30.8,30.7,30.5,30.4,30.3,30.2,30.2,30.3,30.2,29.8,29.9,29.8,29.8,29.7,29.6,29.7,29.6,29.6,29.6,29.4,29.4,29.4,29.4,29.3,29.3,29.1,29.3,29.2,29.2,29.2,29.2,29.1,29.1,29.0,29.0,29.1,28.9,29.2,28.9,28.9,28.8,28.9
165,31.9,32.0,31.9,32.0,32.1,32.3,32.4,32.2,32.3,32.4,32.5,32.6,32.6,32.8,32.7,32.8,33.0,32.8,33.0,33.1,33.1,33.2,33.2,33.4,33.4,33.6,33.7,33.9,34.1,34.2,34.4,34.8,35.6,36.2,37.2,38.3,39.0,39.1,39.2,39.2,39.1,39.2,39.2,39.2,39.2,39.2,39.2,39.2,39.1,39.1,39.0,39.1,39.1,39.1,39.2,39.1,39.0,39.3,39.8,40.4,41.3,42.5,43.1,43.5,43.9,44.1,44.0,43.9,43.4,42.5,41.8,40.8,40.3,40.0,39.8,39.7,39.7,39.7,39.6,39.7,39.7,39.7,39.7,39.5,39.8,39.6,39.7,39.5,39.8,39.7,39.6,39.7,39.7,39.8,39.8,39.9,40.9,42.0,42.7,43.4,43.8,43.7,43.5,42.4,40.8,38.8,37.1,36.2,35.6,35.6,35.3,35.4,35.4,35.2,35.2,35.0,35.1,35.0,34.9,35.0,35.0,34.9,34.7,34.7,34.8,34.6,34.4,34.5,34.4,34.3,34.2,34.3,34.2,34.2,34.2,34.6,35.8,36.8,36.2,35.4,34.2,33.4,32.7,32.1,31.9,31.5,31.5,31.4,31.1,31.0,30.8,30.6,30.5,30.4,30.4,30.4,30.1,30.1,30.0,30.1,29.9,29.8,29.8,29.8,29.6,29.6,29.6,29.7,29.6,29.5,29.4,29.4,29.2,29.2,29.4,29.2,29.2,29.2,29.1,29.2,29.0,29.1,29.0,29.0,29.1,29.1,29.0,29.1,29.1,29.0,28.9,29.0
166,32.0,31.9,32.1,32.2,32.0,32.2,32.3,32.4,32.3,32.4,32.5,32.5,32.5,32.6,32.7,32.9,32.6,32.8,33.1,32.8,33.0,33.3,33.2,33.3,33.3,33.4,33.7,33.8,34.0,34.1,34.1,34.7,35.3,36.1,37.2,38.2,38.9,39.1,39.2,39.1,39.2,39.1,39.2,39.0,39.2,39.1,39.1,39.0,39.2,39.0,39.0,39.1,39.1,39.0,39.0,39.1,39.0,39.3,39.9,40.5,41.1,42.1,42.7,43.0,43.3,43.5,43.7,43.7,43.3,42.5,41.6,40.8,40.0,39.9,39.8,39.8,39.6,39.7,39.5,39.5,39.7,39.7,39.7,39.7,39.6,39.6,39.4,39.5,39.5,39.6,39.5,39.6,39.6,39.6,39.7,40.2,41.1,42.1,42.9,43.4,43.6,43.6,43.5,42.4,40.7,38.9,37.1,36.2,35.8,35.4,35.5,35.4,35.2,35.1,35.1,35.0,34.8,34.9,34.9,34.8,34.8,34.7,34.7,34.7,34.6,34.4,34.5,34.4,34.4,34.3,34.3,34.2,34.3,34.1,34.2,34.5,35.7,36.7,36.2,35.1,34.1,33.0,32.7,32.3,32.0,31.6,31.5,31.2,31.0,31.0,30.7,30.6,30.5,30.4,30.2,30.1,30.3,30.1,30.0,30.0,30.0,29.7,29.8,29.9,29.7,29.6,29.6,29.6,29.4,29.4,29.4,29.4,29.3,29.2,29.4,29.2,29.2,29.2,29.3,29.0,29.0,29.0,29.2,29.1,29.0,29.0,29.0,28.9,29.0,29.0,28.9,29.0
167,32.1,32.1,32.1,32.0,32.2,32.1,32.1,32.3,32.1,32.3,32.5,32.5,32.6,32.6,32.5,32.6,32.8,32.8,32.9,32.8,33.0,33.1,33.0,33.1,33.4,33.3,33.6,33.7,34.1,34.1,34.4,34.6,35.1,36.0,36.9,38.1,39.0,39.1,39.1,39.1,39.1,39.2,39.1,39.0,39.1,39.0,39.0,39.0,39.0,39.0,39.1,39.1,39.0,39.0,39.0,39.1,39.1,39.3,39.6,40.3,41.0,41.9,42.2,42.5,42.7,42.9,43.1,43.2,43.1,42.6,41.5,40.6,40.1,40.0,39.7,39.7,39.6,39.4,39.6,39.6,39.5,39.5,39.7,39.6,39.7,39.4,39.4,39.3,39.5,39.5,39.7,39.6,39.7,39.5,39.8,40.3,41.0,42.1,42.8,43.3,43.6,43.7,43.4,42.5,40.7,38.8,37.2,36.1,35.7,35.3,35.3,35.3,35.3,35.0,35.1,35.0,34.9,35.0,34.8,35.0,34.8,34.7,34.7,34.6,34.7,34.6,34.6,34.5,34.4,34.5,34.3,34.3,34.4,34.2,34.4,34.6,35.6,36.8,36.3,35.3,34.1,33.2,32.5,32.1,31.8,31.7,31.4,31.2,30.9,30.9,30.8,30.7,30.4,30.5,30.2,30.2,30.1,30.0,30.0,30.0,29.8,29.8,29.8,29.7,29.6,29.6,29.8,29.6,29.5,29.4,29.4,29.3,29.4,29.5,29.3,29.2,29.3,29.2,29.3,29.2,29.0,29.2,29.0,29.0,29.0,29.2,29.0,29.0,29.0,29.0,29.0,28.9
168,31.9,32.0,32.1,32.0,32.1,32.1,32.3,32.2,32.3,32.2,32.3,32.5,32.5,32.7,32.5,32.5,32.8,32.7,32.8,32.8,32.9,32.9,33.0,33.1,33.2,33.3,33.4,33.4,33.7,33.9,34.1,34.5,35.1,36.0,36.9,38.1,38.9,39.0,39.0,39.0,38.9,39.0,39.0,39.0,39.1,39.0,39.1,39.1,39.1,39.0,39.0,39.0,39.0,39.2,39.1,39.1,39.2,39.2,39.6,40.3,40.8,41.5,41.9,41.8,41.9,42.0,42.5,42.9,42.9,42.3,41.4,40.4,40.0,39.9,39.6,39.6,39.5,39.4,39.5,39.4,39.5,39.4,39.6,39.6,39.6,39.3,39.3,39.2,39.3,39.5,39.6,39.7,39.6,39.7,39.8,40.3,41.0,41.8,42.3,43.1,43.4,43.6,43.5,42.4,40.7,38.9,37.1,36.1,35.7,35.4,35.3,35.2,35.1,35.1,35.0,35.0,35.0,35.0,34.8,34.8,34.9,34.7,34.7,34.7,34.8,34.6,34.7,34.4,34.4,34.3,34.2,34.4,34.2,34.1,34.2,34.5,35.7,36.8,36.2,35.2,33.9,33.0,32.5,32.0,31.8,31.5,31.2,31.2,31.0,30.9,30.6,30.5,30.5,30.3,30.4,30.2,30.2,30.0,30.0,30.0,29.9,29.8,29.6,29.6,29.6,29.5,29.6,29.5,29.4,29.5,29.2,29.3,29.2,29.2,29.3,29.2,29.1,29.4,29.0,29.0,29.1,29.2,29.0,29.2,28.9,28.8,28.9,28.9,28.9,29.1,28.9,29.0
169,31.9,31.8,31.8,32.1,32.0,32.2,32.2,32.2,32.1,32.2,32.1,32.3,32.4,32.4,32.4,32.6,32.6,32.8,32.7,32.7,32.8,32.6,32.9,33.0,33.1,33.3,33.4,33.6,33.6,33.8,34.1,34.4,35.0,35.9,36.7,38.2,38.9,39.1,39.0,39.2,39.1,39.1,39.2,39.0,39.0,38.9,39.1,39.0,38.9,39.0,39.2,39.0,38.9,39.0,39.2,39.0,39.2,39.4,39.5,40.0,40.7,41.2,41.3,41.3,41.4,41.6,42.1,42.6,42.9,42.2,41.5,40.5,40.0,39.8,39.7,39.6,39.7,39.4,39.4,39.5,39.5,39.6,39.5,39.5,39.6,39.4,39.2,39.5,39.6,39.6,39.6,39.5,39.6,39.5,39.7,40.2,40.8,41.6,42.1,42.5,42.9,43.3,43.3,42.2,40.7,38.7,37.2,36.0,35.7,35.5,35.3,35.2,35.1,35.1,35.1,35.1,34.9,34.9,34.9,34.8,34.9,34.9,34.7,34.8,34.7,34.4,34.4,34.5,34.5,34.3,34.4,34.2,34.2,34.2,34.1,34.7,35.7,36.8,36.4,35.4,34.0,33.0,32.4,32.1,31.7,31.6,31.2,31.1,30.8,30.9,30.6,30.6,30.5,30.4,30.2,30.2,30.2,30.1,30.0,29.9,29.9,29.6,29.7,29.6,29.7,29.5,29.4,29.3,29.5,29.4,29.5,29.4,29.4,29.1,29.1,29.3,29.2,29.2,29.1,29.1,29.0,29.1,29.1,29.1,29.0,29.1,29.0,29.0,29.1,28.9,28.9,28.9
170,31.9,32.0,32.1,32.1,32.1,32.0,32.1,32.1,32.1,32.2,32.3,32.4,32.3,32.3,32.4,32.5,32.6,32.6,32.6,32.6,32.7,32.8,32.7,32.8,33.0,33.0,33.2,33.4,33.6,33.8,33.8,34.4,35.1,35.8,36.9,38.0,38.9,39.1,39.1,39.1,39.1,39.1,39.1,39.0,39.1,39.0,38.9,39.0,39.0,38.9,39.0,38.9,39.0,39.0,38.9,39.1,39.2,39.4,39.5,39.9,40.5,41.1,41.3,41.2,41.5,41.5,42.0,42.5,42.7,42.3,41.5,40.4,40.1,39.8,39.8,39.7,39.6,39.6,39.5,39.5,39.5,39.6,39.5,39.7,39.5,39.5,39.4,39.5,39.4,39.4,39.6,39.7,39.6,39.6,39.9,40.2,40.7,41.4,42.0,42.4,42.8,43.1,43.1,42.2,40.7,38.7,37.1,36.1,35.6,35.4,35.3,35.2,35.1,35.1,35.1,35.1,34.9,35.0,34.9,34.7,34.8,34.8,34.7,34.7,34.7,34.6,34.6,34.6,34.4,34.3,34.4,34.4,34.2,34.2,34.3,34.7,35.8,36.9,36.6,35.2,34.0,33.1,32.4,32.0,31.8,31.5,31.2,31.0,31.0,30.8,30.8,30.7,30.6,30.2,30.2,30.2,30.0,30.1,30.0,29.8,29.8,29.8,29.8,29.7,29.9,29.5,29.6,29.5,29.6,29.5,29.4,29.2,29.4,29.3,29.2,29.1,29.2,29.2,29.0,29.0,29.1,29.1,29.0,29.1,29.1,29.0,29.0,29.0,29.1,29.0,28.9,28.8
171,31.8,31.9,31.9,32.0,31.9,32.1,32.0,32.1,32.1,32.1,32.1,32.1,32.2,32.5,32.2,32.4,32.5,32.4,32.6,32.4,32.5,32.6,32.6,32.6,32.8,32.9,33.1,33.2,33.4,33.6,33.9,34.4,35.0,35.8,36.8,38.0,38.8,39.0,39.0,39.2,39.1,39.0,39.0,39.0,39.0,39.0,39.0,38.9,38.9,38.9,38.9,39.0,38.9,39.0,39.2,39.1,39.2,39.4,39.6,40.0,40.7,41.3,41.5,41.5,41.5,42.0,42.3,42.8,42.8,42.2,41.3,40.4,39.8,39.8,39.8,39.6,39.6,39.5,39.5,39.4,39.5,39.5,39.6,39.6,39.4,39.4,39.5,39.4,39.5,39.7,39.6,39.6,39.6,39.7,39.8,40.3,40.7,41.2,41.8,42.1,42.5,43.0,43.0,42.1,40.5,38.7,36.8,36.0,35.4,35.5,35.2,35.2,35.0,35.1,35.0,34.9,35.0,34.9,34.8,34.9,34.8,34.8,34.5,34.6,34.8,34.5,34.6,34.4,34.4,34.3,34.3,34.3,34.4,34.4,34.2,34.5,35.7,36.9,36.5,35.3,34.1,32.9,32.4,32.0,31.8,31.6,31.3,31.1,30.9,30.9,30.5,30.5,30.4,30.3,30.2,30.1,30.0,30.0,29.9,29.7,29.9,29.9,29.7,29.6,29.5,29.4,29.6,29.6,29.5,29.4,29.4,29.4,29.5,29.4,29.2,29.4,29.1,29.2,29.1,29.1,29.1,29.2,29.0,29.1,29.2,29.1,29.1,29.0,29.0,28.8,28.9,28.9
172,31.7,31.7,32.0,31.9,31.8,32.1,32.1,32.1,32.1,32.1,32.3,32.1,32.2,32.1,32.3,32.4,32.5,32.5,32.4,32.2,32.5,32.6,32.5,32.6,32.7,32.8,33.0,33.1,33.4,33.6,33.8,34.2,34.9,35.9,36.8,38.0,38.6,39.0,39.0,39.2,39.1,39.0,39.1,39.1,39.0,38.9,38.9,39.0,38.9,38.8,38.9,39.1,38.9,39.0,38.9,39.2,39.0,39.1,39.6,40.2,40.7,41.4,41.8,42.0,42.2,42.5,42.9,43.2,42.8,42.2,41.3,40.3,40.0,39.7,39.7,39.6,39.6,39.6,39.5,39.5,39.4,39.5,39.5,39.6,39.5,39.5,39.5,39.5,39.6,39.6,39.5,39.6,39.6,39.8,39.8,40.1,40.7,41.1,41.5,42.1,42.5,42.9,42.9,42.0,40.4,38.6,36.8,35.9,35.6,35.4,35.3,35.0,35.1,35.0,34.9,35.0,34.9,34.9,34.8,34.8,34.8,34.7,34.7,34.7,34.7,34.5,34.4,34.4,34.4,34.2,34.2,34.3,34.3,34.2,34.2,34.4,35.9,36.8,36.4,35.1,34.0,32.9,32.3,31.9,31.5,31.3,31.2,31.0,30.8,30.8,30.5,30.4,30.3,30.2,30.0,30.0,30.1,30.0,29.9,29.7,29.8,29.6,29.7,29.7,29.5,29.6,29.5,29.5,29.4,29.5,29.3,29.3,29.4,29.2,29.3,29.1,29.4,29.4,29.0,29.0,28.9,29.0,29.0,29.1,29.2,29.1,29.0,29.0,28.9,28.9,28.8,28.8
173,31.9,31.7,31.7,31.9,32.0,31.9,32.0,32.1,32.0,31.8,32.1,32.0,32.1,32.1,32.3,32.3,32.3,32.3,32.5,32.3,32.5,32.6,32.5,32.5,32.6,32.8,32.9,33.2,33.2,33.5,33.6,34.0,34.7,35.8,36.7,37.9,38.7,39.0,39.2,39.1,39.0,39.0,39.1,39.1,39.0,39.0,38.9,38.9,38.9,39.0,39.0,39.0,38.9,39.0,39.1,38.9,39.0,39.2,39.6,40.1,40.8,41.7,42.3,42.6,43.0,43.1,43.2,43.3,43.0,42.2,41.2,40.4,39.9,39.8,39.7,39.6,39.5,39.6,39.5,39.4,39.4,39.6,39.5,39.6,39.5,39.6,39.5,39.5,39.5,39.5,39.5,39.6,39.7,39.6,39.6,40.1,40.5,41.0,41.7,42.2,42.6,42.8,42.8,41.8,40.3,38.4,36.7,35.8,35.4,35.3,35.1,34.9,35.2,34.9,34.9,34.9,34.9,34.8,34.9,34.8,34.8,34.7,34.6,34.6,34.7,34.5,34.4,34.5,34.5,34.3,34.1,34.3,34.2,34.2,34.1,34.6,35.8,36.8,36.3,35.2,33.9,32.7,32.2,32.0,31.5,31.4,31.0,31.0,30.8,30.6,30.5,30.3,30.4,30.1,30.1,30.0,30.1,30.0,29.9,29.6,29.8,29.8,29.5,29.6,29.5,29.4,29.5,29.4,29.3,29.4,29.4,29.4,29.2,29.2,29.2,29.2,29.2,29.2,29.0,29.1,29.1,29.0,29.0,29.0,29.0,29.0,28.9,29.1,28.8,28.9,28.8,28.9
174,31.9,31.7,31.8,31.9,31.8,32.1,32.0,32.1,31.9,32.1,32.0,32.0,32.0,32.1,32.2,32.2,32.2,32.1,32.3,32.4,32.3,32.5,32.4,32.4,32.5,32.6,32.6,32.8,33.0,33.1,33.4,33.9,34.7,35.6,36.7,38.0,38.8,39.1,39.1,39.1,39.1,39.0,39.0,39.0,39.0,38.9,39.1,39.0,38.9,38.9,38.9,38.8,38.7,38.9,38.8,38.9,39.0,39.2,39.6,40.0,40.9,41.9,42.2,43.0,43.1,43.6,43.5,43.4,43.1,42.1,41.2,40.3,39.9,39.7,39.7,39.6,39.6,39.6,39.5,39.5,39.4,39.3,39.5,39.5,39.4,39.5,39.5,39.6,39.4,39.5,39.5,39.5,39.6,39.6,39.7,40.1,40.7,41.3,42.1,42.6,42.7,43.0,42.8,41.8,40.3,38.3,36.8,35.7,35.4,35.4,35.3,35.1,34.9,35.0,34.9,34.9,34.9,34.8,34.8,34.7,34.9,34.6,34.7,34.8,34.7,34.7,34.3,34.4,34.4,34.4,34.4,34.2,34.3,34.2,34.2,34.5,35.7,36.9,36.1,35.1,33.8,32.8,32.2,31.8,31.5,31.4,31.1,30.9,30.9,30.7,30.5,30.4,30.4,30.2,30.0,30.1,30.0,29.9,29.8,29.9,29.7,29.7,29.6,29.6,29.5,29.5,29.5,29.3,29.2,29.2,29.3,29.4,29.0,29.2,29.0,29.2,29.3,29.1,29.2,29.0,29.0,29.0,29.1,28.9,29.1,28.9,28.9,28.8,28.8,28.8,28.7,28.9
175,31.6,31.7,31.8,31.8,31.9,31.9,32.0,31.9,32.0,32.0,31.9,31.8,32.0,32.0,32.1,32.0,32.3,32.2,32.2,32.1,32.2,32.2,32.3,32.3,32.4,32.5,32.8,32.6,32.9,33.0,33.4,33.8,34.3,35.4,36.4,37.9,38.9,39.1,39.1,39.2,39.1,39.2,39.0,39.1,39.0,39.0,39.0,39.0,39.0,38.7,38.9,39.1,38.9,39.0,38.9,38.9,39.1,39.2,39.6,40.0,40.9,41.6,42.4,42.8,43.3,43.6,43.7,43.5,42.9,42.2,41.2,40.4,39.9,39.7,39.5,39.5,39.5,39.5,39.5,39.6,39.5,39.4,39.5,39.6,39.5,39.5,39.5,39.4,39.5,39.6,39.4,39.7,39.5,39.5,39.7,40.1,40.9,41.7,42.3,42.6,42.8,43.0,42.6,41.8,40.1,38.4,36.6,35.8,35.3,35.2,35.1,35.0,34.9,35.0,34.9,35.1,34.9,34.9,34.8,34.7,34.8,34.8,34.6,34.6,34.4,34.5,34.2,34.4,34.3,34.4,34.2,34.2,34.2,34.1,34.2,34.4,35.5,36.5,36.1,34.8,33.6,32.6,32.1,31.6,31.3,31.3,31.0,30.9,30.7,30.6,30.3,30.4,30.3,30.1,30.1,30.0,29.8,29.8,29.8,29.8,29.6,29.7,29.6,29.7,29.5,29.6,29.4,29.6,29.3,29.2,29.3,29.3,29.2,29.1,29.0,29.2,29.1,29.1,29.0,29.1,29.0,29.1,29.0,28.9,29.0,28.8,28.9,28.9,29.0,29.0,28.7,28.8
176,31.7,31.6,31.5,31.6,31.5,31.8,31.9,32.0,31.6,31.8,31.9,32.0,31.9,31.8,31.9,32.0,32.0,32.0,32.1,32.1,32.1,32.1,32.2,32.2,32.3,32.4,32.5,32.5,32.7,32.9,33.1,33.6,34.2,35.4,36.4,37.7,38.9,39.0,39.2,39.1,39.1,39.2,39.1,39.3,39.1,39.0,39.1,39.1,39.0,39.0,38.9,38.9,38.8,38.9,39.0,38.9,39.0,39.1,39.5,40.0,40.5,41.3,42.2,42.8,43.4,43.8,43.7,43.5,42.9,42.2,41.2,40.3,39.7,39.4,39.6,39.5,39.4,39.4,39.6,39.5,39.3,39.5,39.4,39.5,39.3,39.2,39.5,39.5,39.6,39.6,39.5,39.6,39.5,39.6,39.6,40.1,40.8,41.8,42.5,42.8,42.9,43.1,42.8,41.8,40.2,38.2,36.6,35.8,35.4,35.1,35.0,35.1,35.1,35.0,35.0,34.8,34.7,34.8,34.8,34.6,34.8,34.7,34.6,34.5,34.5,34.4,34.4,34.4,34.4,34.2,34.1,34.4,34.1,34.2,34.0,34.4,35.4,36.6,36.0,34.8,33.6,32.4,32.0,31.6,31.2,31.0,31.0,30.8,30.4,30.5,30.3,30.3,30.2,30.2,30.0,29.9,29.9,29.8,29.9,29.7,29.6,29.8,29.6,29.7,29.5,29.4,29.6,29.5,29.4,29.4,29.2,29.2,29.2,29.1,29.4,29.1,29.4,29.1,29.2,29.2,29.0,29.0,29.0,29.1,29.0,28.9,28.9,28.9,28.8,28.8,28.9,28.7
177,31.6,31.7,31.7,31.8,31.8,31.9,31.8,31.8,31.8,31.7,32.0,32.0,31.9,31.9,32.0,32.0,32.0,32.1,32.2,32.1,32.3,32.0,32.2,32.1,32.3,32.3,32.5,32.5,32.5,32.9,33.1,33.5,34.2,35.2,36.3,37.9,38.8,39.2,39.4,39.3,39.2,39.2,39.2,39.1,39.1,39.2,39.3,39.1,39.0,39.0,39.1,38.8,39.0,38.8,38.9,39.0,39.0,39.2,39.6,39.8,40.6,41.4,41.9,42.7,43.4,43.7,43.7,43.6,43.0,42.1,41.3,40.3,39.8,39.5,39.4,39.6,39.4,39.5,39.6,39.2,39.3,39.2,39.1,39.1,39.2,39.3,39.3,39.5,39.6,39.5,39.5,39.3,39.5,39.4,39.7,40.3,40.9,41.8,42.5,43.0,42.9,42.8,42.8,41.6,40.1,38.2,36.5,35.8,35.4,35.2,35.2,35.2,35.0,35.1,35.1,34.8,34.8,34.9,34.8,34.7,34.8,34.7,34.6,34.6,34.4,34.4,34.5,34.4,34.4,34.2,34.2,34.2,34.3,34.1,34.2,34.5,35.4,36.3,35.6,34.7,33.5,32.4,31.8,31.5,31.2,31.2,30.9,30.9,30.7,30.5,30.5,30.3,30.3,30.2,30.0,30.1,30.0,29.8,29.8,29.7,29.8,29.6,29.7,29.6,29.5,29.5,29.6,29.4,29.4,29.4,29.3,29.5,29.2,29.3,29.3,29.2,29.1,29.2,29.0,29.2,29.2,29.2,29.1,29.2,29.1,29.1,29.0,29.0,28.9,29.0,28.8,29.0
178,31.6,31.6,31.7,31.7,31.7,31.9,31.8,31.8,31.8,31.9,31.9,31.8,31.8,32.1,31.8,32.0,31.8,31.9,32.0,32.2,32.1,32.0,32.1,32.1,32.2,32.3,32.3,32.5,32.6,32.8,33.0,33.4,34.1,35.2,36.3,37.7,38.8,39.2,39.3,39.3,39.2,39.1,39.3,39.1,39.2,39.2,39.3,39.0,39.0,39.0,39.1,39.1,38.9,38.9,39.0,39.1,39.2,39.4,39.5,39.8,40.4,41.2,41.8,42.5,43.1,43.5,43.7,43.4,43.0,42.1,41.2,40.2,39.7,39.2,39.0,39.3,39.3,39.4,39.5,39.0,38.8,38.7,38.5,38.4,38.5,39.0,39.1,39.4,39.5,39.6,39.2,39.1,39.0,39.4,39.5,40.0,40.7,41.5,42.5,42.9,42.9,42.8,42.6,41.5,39.8,38.0,36.5,35.8,35.3,35.2,35.1,35.1,35.0,35.0,34.8,34.8,34.8,34.8,34.8,34.7,34.8,34.6,34.8,34.6,34.6,34.5,34.4,34.3,34.2,34.2,34.2,34.1,34.1,34.2,34.2,34.4,35.4,36.3,35.5,34.3,33.3,32.2,31.7,31.5,31.3,31.1,30.9,30.7,30.6,30.6,30.5,30.4,30.4,30.2,30.2,30.0,30.0,30.0,29.8,29.8,29.8,29.5,29.6,29.7,29.6,29.5,29.6,29.4,29.4,29.4,29.4,29.3,29.4,29.2,29.1,29.1,29.1,29.4,29.1,29.1,29.1,29.0,29.1,29.1,29.0,28.9,28.9,28.9,28.9,29.0,28.9,28.8
179,31.5,31.7,31.5,31.5,31.4,31.7,31.7,31.7,31.7,31.9,31.9,31.7,31.8,31.9,31.9,31.9,31.7,32.0,32.0,31.9,32.0,32.0,32.0,32.2,32.2,32.1,32.3,32.2,32.4,32.6,32.9,33.1,33.8,35.1,36.2,37.6,39.0,39.2,39.3,39.2,39.2,39.1,39.2,39.5,39.2,39.5,39.1,39.2,39.0,39.1,39.2,39.1,38.9,39.0,39.0,39.0,39.2,39.4,39.5,39.7,40.3,41.0,41.7,42.3,43.1,43.5,43.6,43.3,42.8,42.2,41.0,40.0,39.4,39.0,38.7,39.0,39.3,39.2,39.2,38.6,38.1,37.9,37.8,37.9,37.9,38.4,38.7,39.1,39.5,39.5,39.1,38.9,38.9,38.9,39.6,39.8,40.7,41.6,42.4,42.8,42.9,42.8,42.6,41.5,39.9,38.1,36.6,35.7,35.2,35.1,35.1,35.1,34.9,34.9,34.7,34.8,34.7,34.7,34.7,34.7,34.7,34.7,34.6,34.5,34.4,34.4,34.4,34.2,34.2,34.1,34.1,34.1,33.9,34.0,34.1,34.3,35.2,35.9,34.9,34.0,33.0,32.2,31.8,31.5,31.1,31.0,30.8,30.7,30.6,30.4,30.5,30.2,30.3,30.1,30.1,30.0,29.8,29.8,29.8,29.7,29.5,29.6,29.7,29.5,29.6,29.4,29.3,29.4,29.2,29.4,29.3,29.2,29.2,29.2,29.2,29.2,29.3,29.0,29.2,29.0,29.1,29.0,29.0,29.0,28.9,29.0,29.1,28.8,29.0,28.8,28.8,28.9
180,31.6,31.7,31.5,31.5,31.6,31.5,31.6,31.7,31.6,31.7,31.8,31.7,31.7,31.7,31.7,31.8,31.7,31.8,31.8,31.7,32.0,31.9,32.0,32.0,31.9,32.1,32.1,32.3,32.4,32.6,32.7,33.0,33.8,34.8,36.1,37.6,38.9,39.2,39.4,39.5,39.5,39.4,39.4,39.3,39.5,39.4,39.2,39.2,39.2,39.2,39.1,39.0,39.0,39.0,39.2,39.2,39.2,39.3,39.3,39.8,40.2,40.9,41.6,42.1,42.8,43.4,43.3,43.2,42.6,41.9,41.0,40.0,39.1,39.0,38.6,38.8,39.2,39.2,38.8,38.5,37.8,37.7,37.6,37.7,37.8,38.1,38.3,38.8,39.2,39.3,38.9,38.7,38.7,38.9,39.4,39.7,40.5,41.4,42.3,42.7,42.7,42.9,42.3,41.4,39.8,38.0,36.3,35.5,35.3,35.2,35.1,35.0,35.0,34.8,34.7,35.0,34.8,34.7,34.5,34.6,34.6,34.8,34.5,34.4,34.4,34.4,34.4,34.3,34.2,34.2,34.0,34.0,34.1,34.1,33.9,34.2,35.0,35.2,34.3,33.6,32.8,32.0,31.7,31.1,31.1,30.8,30.8,30.7,30.6,30.2,30.3,30.3,30.1,30.2,30.0,29.9,29.8,29.8,29.8,29.6,29.6,29.6,29.6,29.5,29.6,29.4,29.5,29.4,29.5,29.5,29.4,29.2,29.2,29.4,29.1,29.2,29.1,29.1,29.0,29.1,29.0,29.0,29.1,28.8,29.0,29.0,29.0,29.0,29.0,28.9,28.8,28.8
181,31.5,31.6,31.4,31.5,31.4,31.6,31.5,31.7,31.5,31.6,31.6,31.8,31.6,31.7,31.7,31.7,31.6,31.6,31.6,31.5,31.6,31.7,31.9,31.9,31.8,32.0,32.0,32.1,32.3,32.3,32.5,32.9,33.6,34.6,36.0,37.5,39.0,39.3,39.5,39.5,39.3,39.4,39.5,39.3,39.6,39.5,39.2,39.2,39.3,39.2,39.2,39.3,39.0,39.2,39.2,39.3,39.2,39.5,39.2,39.6,40.2,40.8,41.5,42.0,42.6,43.1,43.0,42.9,42.4,41.6,40.9,39.7,39.0,38.6,38.5,38.8,39.1,39.2,38.7,38.1,37.7,37.4,37.4,37.5,37.6,37.7,38.2,38.5,39.1,39.3,38.8,38.6,38.5,38.9,39.2,39.8,40.5,41.4,42.2,42.5,42.6,42.5,42.1,41.2,39.7,37.7,36.1,35.5,35.1,35.1,35.0,34.8,34.8,34.7,34.8,34.8,34.7,34.8,34.5,34.7,34.4,34.5,34.4,34.4,34.3,34.4,34.2,34.1,34.2,34.1,34.1,33.9,34.1,34.0,33.9,34.1,34.4,34.4,33.6,33.0,32.3,31.9,31.4,31.2,30.9,30.9,30.8,30.5,30.4,30.2,30.2,30.1,30.1,30.0,30.0,29.7,29.7,29.7,29.6,29.6,29.6,29.4,29.6,29.4,29.4,29.4,29.4,29.3,29.4,29.2,29.2,29.3,29.2,29.1,29.0,29.2,29.2,29.0,28.9,29.1,29.1,29.0,29.0,28.8,29.0,29.0,28.8,28.8,28.8,29.0,28.7,28.8
182,31.6,31.4,31.5,31.4,31.4,31.6,31.5,31.7,31.5,31.5,31.8,31.6,31.6,31.6,31.7,31.7,31.7,31.6,31.6,31.5,31.6,31.7,31.8,31.8,31.7,31.9,31.9,32.0,32.2,32.3,32.4,32.8,33.4,34.5,35.8,37.6,38.9,39.4,39.4,39.5,39.5,39.5,39.4,39.3,39.5,39.4,39.2,39.1,39.1,39.3,39.3,39.2,39.0,39.2,39.2,39.1,39.2,39.3,39.2,39.4,40.0,40.4,40.9,41.3,41.5,41.8,41.8,41.9,41.5,41.0,40.4,39.7,39.2,38.7,38.4,38.4,39.1,39.0,38.5,38.1,37.3,37.5,37.3,37.5,37.5,37.7,37.9,38.2,38.9,39.0,38.6,38.2,38.2,38.8,39.2,39.6,40.2,40.7,41.5,41.8,41.9,41.8,41.6,40.6,39.0,37.4,36.2,35.5,35.2,34.9,34.9,34.9,34.8,34.6,34.8,34.9,34.6,34.8,34.6,34.6,34.6,34.6,34.4,34.5,34.4,34.2,34.4,34.3,34.2,34.0,34.2,34.1,33.9,34.0,34.1,33.8,33.9,33.8,33.2,32.6,32.1,31.5,31.3,31.0,30.9,30.7,30.8,30.7,30.3,30.2,30.3,30.2,30.0,29.9,29.9,29.8,29.8,29.8,29.8,29.7,29.5,29.5,29.6,29.5,29.3,29.5,29.3,29.3,29.3,29.2,29.2,29.1,29.2,29.1,29.2,29.1,29.2,29.1,29.0,29.0,29.0,29.1,29.0,28.8,29.1,29.1,29.0,28.8,28.9,28.9,29.1,28.8
183,31.4,31.6,31.5,31.4,31.5,31.5,31.5,31.5,31.3,31.5,31.6,31.5,31.5,31.6,31.5,31.6,31.6,31.6,31.6,31.7,31.7,31.8,31.7,31.7,31.9,31.7,31.8,31.8,32.1,32.3,32.3,32.9,33.3,34.4,35.8,37.6,39.0,39.3,39.5,39.5,39.5,39.5,39.5,39.5,39.4,39.4,39.3,39.0,39.2,39.3,39.3,39.3,39.2,39.3,39.5,39.2,39.4,39.2,39.2,39.3,39.7,40.0,40.2,40.0,40.1,40.1,40.1,40.1,40.1,40.0,40.0,39.5,39.0,38.7,38.6,38.5,39.1,39.1,38.5,38.2,37.5,37.5,37.6,37.9,37.9,37.7,38.0,38.2,39.0,39.1,38.7,38.4,38.2,38.8,39.1,39.4,39.6,39.8,40.0,40.2,40.1,40.2,40.0,39.2,38.1,37.2,36.1,35.5,35.3,35.0,34.9,34.9,34.8,34.7,34.7,34.8,34.7,34.7,34.4,34.6,34.6,34.5,34.4,34.4,34.2,34.1,34.2,34.2,34.3,34.2,34.0,34.1,34.1,34.0,34.0,33.8,33.6,33.1,32.8,32.3,31.9,31.5,31.3,31.0,30.7,30.7,30.7,30.6,30.3,30.3,30.0,30.2,30.0,29.9,29.9,29.9,29.8,29.8,29.6,29.5,29.5,29.6,29.6,29.3,29.6,29.4,29.4,29.3,29.3,29.3,29.0,29.4,29.2,29.1,29.2,29.0,29.0,29.1,29.0,29.1,29.0,28.9,29.0,28.9,28.9,29.0,28.8,28.8,28.9,28.8,28.8,28.8
184,31.2,31.2,31.4,31.3,31.5,31.4,31.5,31.5,31.3,31.4,31.6,31.5,31.4,31.6,31.6,31.5,31.6,31.5,31.7,31.6,31.5,31.5,31.6,31.6,31.6,31.7,31.8,32.0,31.9,32.1,32.3,32.4,33.3,34.2,35.7,37.5,39.0,39.4,39.5,39.6,39.4,39.6,39.7,39.4,39.5,39.4,39.2,39.1,39.1,39.2,39.5,39.4,39.4,39.5,39.5,39.4,39.4,39.2,39.1,39.1,39.2,39.6,39.3,39.2,38.9,38.7,38.6,38.7,38.7,38.9,39.2,39.2,39.0,38.7,38.7,38.8,39.1,38.9,38.8,38.5,38.1,37.9,37.9,37.9,37.8,37.9,38.4,38.6,38.9,39.0,38.6,38.6,38.4,38.7,39.0,39.1,38.9,38.5,38.4,38.2,38.2,38.1,38.0,37.6,37.1,36.4,35.7,35.3,35.1,35.0,34.9,34.9,34.8,34.6,34.7,34.5,34.9,34.5,34.6,34.5,34.5,34.4,34.4,34.3,34.2,34.2,34.2,34.1,34.2,34.2,34.0,34.1,34.0,33.9,33.9,33.7,33.5,33.0,32.4,32.1,31.7,31.2,31.1,30.8,30.7,30.6,30.4,30.4,30.4,30.0,29.9,30.1,30.0,30.0,29.9,30.0,29.9,29.6,29.6,29.8,29.4,29.5,29.4,29.3,29.4,29.4,29.4,29.4,29.3,29.3,29.4,29.2,29.1,29.1,29.0,29.3,29.1,29.1,29.0,29.2,28.9,29.0,28.9,29.0,29.1,29.0,28.9,28.8,29.0,28.9,28.7,28.8
185,31.3,31.3,31.3,31.3,31.3,31.4,31.3,31.4,31.3,31.5,31.5,31.6,31.5,31.6,31.5,31.5,31.3,31.5,31.6,31.3,31.4,31.4,31.4,31.5,31.6,31.6,31.7,31.7,31.9,32.0,32.1,32.5,33.0,34.1,35.6,37.4,38.8,39.3,39.4,39.6,39.5,39.5,39.5,39.6,39.5,39.4,39.3,39.2,39.1,39.2,39.5,39.6,39.3,39.4,39.5,39.4,39.2,39.1,39.1,38.8,38.9,39.0,38.6,38.4,37.7,37.4,37.4,37.6,37.8,38.2,38.9,39.0,38.9,39.0,38.9,39.3,39.3,39.2,39.2,39.0,38.5,38.2,38.3,38.2,38.4,38.5,38.8,39.2,39.3,39.2,38.9,38.7,38.6,38.9,38.9,38.6,38.2,37.3,37.0,36.7,36.6,36.6,36.7,36.4,36.2,35.8,35.5,35.2,35.1,34.9,34.9,34.9,34.8,34.9,34.6,34.6,34.6,34.6,34.5,34.4,34.4,34.4,34.3,34.4,34.2,34.3,34.4,34.2,34.1,34.0,33.9,34.1,34.0,34.0,33.9,33.6,33.4,32.7,32.3,32.0,31.4,31.3,31.1,30.8,30.6,30.5,30.3,30.4,30.3,30.2,30.1,29.9,30.0,29.8,30.0,29.8,29.7,29.6,29.6,29.4,29.4,29.5,29.3,29.4,29.2,29.5,29.4,29.1,29.2,29.2,29.2,29.0,29.3,29.2,29.0,29.2,29.1,29.0,29.0,29.2,29.0,29.2,29.0,29.0,29.0,28.9,29.0,28.9,28.8,28.9,28.8,28.9
186,31.3,31.5,31.2,31.4,31.4,31.3,31.3,31.3,31.4,31.4,31.5,31.3,31.4,31.5,31.4,31.4,31.3,31.2,31.2,31.3,31.5,31.3,31.5,31.6,31.5,31.6,31.7,31.8,31.8,31.9,31.9,32.4,33.0,34.1,35.6,37.5,38.7,39.2,39.4,39.5,39.4,39.5,39.5,39.4,39.4,39.3,39.2,39.2,39.1,39.3,39.4,39.5,39.5,39.3,39.5,39.4,39.3,39.0,38.8,38.8,38.8,38.7,38.3,37.6,36.9,36.5,36.5,36.8,37.2,37.6,38.4,39.0,39.0,39.1,39.2,39.2,39.5,39.3,39.2,39.1,38.8,38.7,38.5,38.7,38.8,38.8,39.0,39.4,39.5,39.3,39.1,38.7,38.8,39.0,38.9,38.5,37.6,36.5,35.8,35.5,35.5,35.3,35.4,35.5,35.5,35.5,35.2,35.1,34.9,35.0,34.9,34.9,34.7,34.7,34.6,34.6,34.6,34.4,34.6,34.4,34.5,34.4,34.2,34.4,34.3,34.2,34.2,34.0,34.2,34.0,33.9,34.1,33.9,33.8,33.9,33.6,33.3,32.6,32.0,31.6,31.3,30.9,30.9,30.7,30.8,30.5,30.4,30.4,30.2,30.0,30.0,30.0,29.8,29.8,29.8,29.8,29.7,29.6,29.8,29.6,29.4,29.6,29.5,29.3,29.4,29.3,29.2,29.3,29.4,29.4,29.2,29.1,29.3,29.1,29.3,29.1,29.2,29.2,29.1,29.1,28.9,29.2,29.1,29.0,28.9,28.9,28.9,28.9,28.7,28.9,28.8,28.8
187,31.2,31.3,31.3,31.2,31.3,31.4,31.3,31.4,31.2,31.3,31.4,31.3,31.3,31.5,31.5,31.5,31.4,31.3,31.5,31.2,31.3,31.4,31.5,31.5,31.4,31.6,31.4,31.5,31.7,32.0,31.9,32.3,32.8,34.0,35.4,37.3,38.7,39.1,39.2,39.4,39.5,39.6,39.4,39.5,39.4,39.2,39.1,39.1,39.1,39.2,39.2,39.4,39.6,39.6,39.5,39.4,39.3,38.9,38.9,38.6,38.5,38.4,37.9,37.3,36.6,36.1,36.0,36.1,36.6,37.2,38.3,38.8,38.9,39.1,38.9,38.7,38.7,38.7,38.5,38.7,38.8,39.0,39.0,39.1,39.1,39.1,39.1,39.0,38.9,38.8,38.6,38.6,38.9,38.9,38.7,38.2,37.1,35.9,35.2,34.7,34.5,34.4,34.5,34.6,35.0,35.1,35.2,35.1,34.9,34.9,34.9,34.7,34.7,34.7,34.8,34.6,34.5,34.5,34.4,34.5,34.4,34.4,34.4,34.2,34.2,34.2,34.2,34.0,33.9,34.1,33.9,33.9,33.9,33.9,33.8,33.5,33.1,32.4,31.7,31.6,31.2,30.9,30.9,30.5,30.6,30.3,30.4,30.2,30.1,30.1,30.0,29.9,29.8,29.8,29.8,29.6,29.8,29.6,29.6,29.5,29.6,29.6,29.4,29.3,29.4,29.2,29.3,29.3,29.2,29.4,29.1,29.2,29.1,29.1,29.1,29.1,29.3,29.1,29.0,29.0,29.0,29.0,28.9,29.0,29.1,29.1,29.0,28.9,28.8,28.9,28.9,29.0
188,31.2,31.2,31.3,31.3,31.1,31.2,31.1,31.3,31.2,31.4,31.3,31.3,31.3,31.4,31.3,31.3,31.4,31.2,31.3,31.1,31.4,31.3,31.3,31.5,31.3,31.4,31.4,31.5,31.6,31.6,31.8,32.1,32.6,33.8,35.4,37.1,38.3,38.9,39.2,39.1,39.2,39.2,39.2,39.2,39.0,39.2,39.0,39.0,39.0,39.0,39.1,39.3,39.3,39.3,39.2,39.3,39.0,38.8,38.6,38.5,38.3,38.2,37.8,37.4,36.7,35.7,35.6,35.7,36.1,37.0,38.0,38.8,39.0,38.9,38.4,37.8,37.4,37.2,37.4,38.2,38.7,39.1,39.1,39.1,39.2,39.1,38.8,38.0,37.6,37.4,37.4,37.9,38.7,38.9,38.8,38.2,37.1,36.1,35.0,34.2,34.0,33.8,34.1,34.2,34.7,34.9,34.9,35.0,35.0,35.0,34.7,34.7,34.6,34.7,34.7,34.6,34.4,34.6,34.4,34.3,34.4,34.4,34.2,34.2,34.1,34.1,34.1,33.9,34.1,34.0,33.9,33.9,33.8,34.0,33.7,33.5,32.9,32.4,31.6,31.3,31.1,31.0,30.7,30.6,30.2,30.3,30.3,30.0,30.1,30.0,29.8,29.9,29.8,29.9,29.7,29.6,29.6,29.6,29.5,29.4,29.4,29.3,29.5,29.2,29.3,29.4,29.3,29.2,29.2,29.0,29.2,29.2,29.2,29.1,29.0,29.0,29.2,29.0,29.0,28.9,29.0,29.0,29.0,28.9,28.9,28.9,29.0,29.0,28.9,28.9,28.7,28.9
189,31.1,31.1,31.3,31.1,31.0,31.3,31.2,31.2,31.1,31.2,31.2,31.1,31.2,31.2,31.3,31.2,31.3,31.3,31.3,31.2,31.3,31.2,31.3,31.3,31.3,31.4,31.3,31.5,31.7,31.6,31.8,32.1,32.8,33.9,35.4,36.5,37.5,38.3,38.6,38.8,38.9,38.9,38.9,39.0,38.9,38.8,38.6,38.7,38.8,38.9,39.0,39.1,39.0,39.1,39.0,39.0,38.8,38.6,38.4,38.1,37.9,38.1,37.8,37.2,36.0,35.4,35.3,35.4,36.0,36.9,37.9,38.4,38.7,38.5,38.3,37.5,36.8,36.7,37.2,37.8,38.7,39.0,39.0,39.1,39.0,38.9,38.1,37.5,36.7,36.3,36.6,37.7,38.3,38.7,38.5,37.8,37.3,36.3,35.0,33.9,33.6,33.5,33.7,33.9,34.2,34.8,34.9,35.0,34.9,34.7,34.9,34.8,34.7,34.6,34.5,34.4,34.5,34.4,34.3,34.4,34.4,34.4,34.2,34.4,34.2,34.1,34.2,34.0,33.9,33.9,33.9,33.9,33.7,33.6,33.5,33.4,32.8,32.0,31.5,31.2,31.0,30.6,30.6,30.5,30.4,30.3,30.1,30.1,30.0,30.0,29.9,29.8,29.8,29.7,29.8,29.6,29.5,29.5,29.6,29.4,29.6,29.4,29.3,29.4,29.4,29.3,29.1,29.2,29.3,29.2,29.1,29.2,29.0,29.2,29.2,29.0,29.1,29.1,29.1,28.8,29.0,28.9,28.9,29.1,29.0,29.0,29.0,29.1,28.9,28.9,28.9,28.9
190,31.2,31.2,31.0,31.3,31.1,31.2,31.3,31.2,30.9,31.2,31.2,31.3,31.2,31.2,31.3,31.3,31.2,31.3,31.4,31.2,31.3,31.3,31.1,31.1,31.2,31.1,31.3,31.5,31.6,31.5,31.6,31.9,32.5,33.4,34.4,35.3,35.9,36.5,36.9,37.4,37.5,37.5,37.8,37.8,37.8,37.9,38.0,37.9,38.1,38.1,38.4,38.3,38.2,38.4,38.5,38.4,38.5,38.1,37.5,37.2,37.2,37.5,37.1,36.2,35.6,35.1,34.8,35.2,35.9,36.8,37.4,37.9,38.3,38.2,38.0,37.5,37.0,37.0,37.3,37.6,38.5,38.7,38.7,38.9,38.9,38.5,37.9,37.2,36.7,36.5,36.9,37.4,38.1,38.4,38.0,37.4,36.8,36.1,34.7,33.8,33.3,33.1,33.4,33.6,33.8,34.5,34.5,34.7,34.6,34.5,34.5,34.5,34.4,34.5,34.5,34.4,34.2,34.2,34.2,34.1,34.2,34.0,33.9,34.1,33.9,33.9,33.9,33.9,33.8,33.7,33.9,33.7,33.7,33.6,33.6,33.3,32.6,32.0,31.5,30.9,30.7,30.5,30.5,30.3,30.4,30.3,30.0,30.2,30.0,29.9,29.8,29.8,29.8,29.7,29.7,29.4,29.6,29.6,29.5,29.4,29.4,29.1,29.4,29.3,29.4,29.4,29.3,29.4,29.1,29.1,29.1,29.2,29.3,29.2,29.2,29.1,29.1,29.1,28.9,29.1,29.0,29.0,29.0,29.1,28.9,28.8,29.0,28.9,28.9,28.9,28.9,28.8
191,30.9,31.2,31.0,31.1,31.0,31.2,31.2,31.2,31.0,31.1,31.0,31.1,31.1,31.1,31.1,31.1,31.0,31.2,31.3,31.1,31.2,31.2,31.3,31.1,31.3,31.1,31.2,31.3,31.3,31.4,31.6,31.9,32.3,32.9,33.6,34.0,34.5,34.9,35.1,35.4,35.6,35.7,35.9,36.0,36.1,36.2,36.2,36.2,36.4,36.5,36.7,36.7,36.7,37.0,37.0,37.1,36.7,36.5,36.4,36.2,36.1,36.0,36.0,35.4,34.8,34.4,34.6,34.8,35.3,35.8,36.4,36.8,37.2,37.0,36.9,36.6,36.4,36.4,36.7,37.3,37.6,38.1,38.1,38.2,38.0,37.7,37.1,36.8,36.4,36.2,36.6,36.9,37.5,37.6,37.1,36.4,35.9,35.3,34.4,33.6,33.0,32.9,32.8,33.0,33.4,33.8,33.9,34.1,33.9,34.0,34.0,33.9,33.9,33.9,33.8,33.9,33.8,33.8,33.8,33.9,33.7,33.7,33.5,33.6,33.5,33.3,33.3,33.3,33.2,33.2,33.1,33.2,33.0,32.9,32.8,32.4,32.1,31.5,31.2,30.9,30.6,30.5,30.3,30.2,30.2,30.1,30.0,30.0,29.9,29.7,29.9,29.8,29.7,29.6,29.7,29.4,29.6,29.5,29.4,29.6,29.5,29.4,29.4,29.3,29.2,29.1,29.2,29.1,29.2,29.1,29.2,29.1,29.0,29.1,29.2,29.0,29.0,29.0,29.0,29.0,29.0,29.0,28.8,28.9,28.9,28.8,28.8,28.9,28.8,29.0,28.7,28.8
192,30.9,31.0,31.2,31.1,31.1,31.1,31.1,31.1,31.1,31.2,31.1,31.2,30.9,30.9,31.2,31.1,31.1,31.1,31.3,31.1,30.9,31.1,31.0,31.2,31.1,31.2,31.3,31.3,31.6,31.4,31.5,31.8,32.1,32.4,32.7,33.3,33.5,33.7,33.9,34.2,34.3,34.3,34.4,34.8,34.7,35.1,35.1,35.3,35.3,35.4,35.4,35.5,35.5,35.7,35.8,35.8,35.7,35.4,35.2,35.2,35.3,35.1,35.0,34.7,34.4,34.0,34.1,34.4,34.9,35.3,35.6,35.7,35.8,35.8,35.8,35.4,35.4,35.3,35.6,35.7,36.1,36.3,36.4,36.6,36.5,36.1,35.6,35.3,34.8,34.9,35.2,35.6,35.9,35.9,35.5,35.3,34.8,34.2,33.6,33.1,32.7,32.6,32.7,32.7,32.8,33.2,33.2,33.3,33.3,33.3,33.4,33.3,33.3,33.3,33.4,33.3,33.4,33.4,33.2,33.2,33.0,33.2,33.1,33.0,33.0,32.8,32.9,32.6,32.8,32.6,32.4,32.3,32.2,32.2,32.1,32.0,31.6,31.3,30.9,30.7,30.6,30.4,30.3,30.2,30.3,30.1,30.0,29.9,29.8,29.8,29.8,29.6,29.6,29.6,29.6,29.6,29.4,29.4,29.6,29.5,29.4,29.4,29.5,29.2,29.2,29.3,29.2,29.2,29.2,29.1,29.2,29.0,29.0,29.1,29.1,29.2,29.0,28.9,28.9,29.0,28.9,28.8,29.0,28.9,28.9,28.8,28.8,28.8,28.8,28.8,28.8,28.8
193,30.9,30.9,31.1,31.1,31.0,31.1,31.2,31.2,30.9,31.1,31.1,31.2,31.1,31.2,31.1,31.0,31.0,31.1,31.1,31.0,31.1,31.0,31.1,31.1,31.2,31.2,31.2,31.3,31.4,31.3,31.5,31.4,31.7,31.7,32.0,32.1,32.5,32.7,32.8,33.0,33.1,33.5,33.6,33.8,34.1,33.9,34.1,34.3,34.3,34.4,34.5,34.5,34.7,34.8,34.8,34.7,34.6,34.5,34.6,34.5,34.6,34.4,34.3,34.1,33.9,33.8,34.0,34.0,34.5,34.9,35.2,35.1,34.9,35.1,35.0,35.0,34.7,34.6,34.7,34.8,35.1,35.3,35.3,35.4,35.3,35.0,34.6,34.1,34.1,33.8,34.1,34.4,34.6,34.2,34.2,34.0,33.9,33.6,33.2,32.7,32.3,32.3,32.3,32.3,32.3,32.5,32.7,32.8,32.8,32.6,32.8,32.8,32.9,32.9,32.7,32.9,32.8,32.8,32.8,32.7,32.8,32.7,32.6,32.5,32.6,32.3,32.5,32.3,32.3,32.1,32.0,32.0,31.9,31.7,31.6,31.3,31.3,31.0,30.8,30.6,30.3,30.2,30.2,30.3,30.0,29.9,29.9,30.0,29.8,29.8,29.6,29.7,29.6,29.5,29.7,29.6,29.4,29.6,29.5,29.5,29.5,29.4,29.1,29.4,29.2,29.1,29.2,29.2,29.2,29.2,29.2,29.0,29.1,29.0,29.0,29.1,29.3,29.1,28.9,29.0,28.8,28.9,28.9,29.1,29.0,28.9,28.9,28.9,28.9,28.9,28.8,28.9
194,30.9,30.9,30.9,30.8,30.9,30.8,31.0,31.0,30.9,30.8,30.9,30.9,31.0,30.8,31.0,31.0,31.0,30.9,30.9,31.0,30.8,31.0,30.9,30.8,31.0,31.0,31.1,31.1,31.1,31.0,31.3,31.4,31.5,31.6,31.5,31.7,32.0,31.8,32.2,32.2,32.5,32.6,32.7,32.9,32.9,33.1,33.2,33.3,33.4,33.5,33.4,33.5,33.6,33.7,33.8,33.8,33.8,33.6,33.7,33.7,33.6,33.7,33.6,33.4,33.6,33.3,33.6,33.9,34.3,34.9,35.3,34.8,34.3,34.4,34.2,34.2,34.1,33.9,33.9,34.1,34.1,34.3,34.4,34.4,34.1,34.0,33.5,33.4,33.4,33.2,33.3,33.4,33.6,33.3,33.3,33.4,33.4,33.1,32.5,32.3,32.1,31.8,32.0,31.9,32.1,32.1,32.1,32.2,32.1,32.2,32.3,32.3,32.2,32.4,32.3,32.3,32.4,32.4,32.2,32.2,32.2,32.2,32.1,31.9,31.9,31.8,31.8,31.6,31.6,31.6,31.5,31.4,31.3,31.2,31.0,30.9,30.8,30.6,30.4,30.4,30.2,30.2,30.2,30.0,29.9,29.8,29.8,29.7,29.8,29.8,29.6,29.7,29.5,29.5,29.4,29.4,29.4,29.5,29.4,29.4,29.2,29.3,29.1,29.3,29.0,29.2,29.3,29.1,29.3,29.1,29.0,29.0,28.9,29.0,29.0,29.0,28.9,28.9,28.8,28.9,28.9,28.7,28.8,28.8,28.7,28.8,28.7,28.7,28.8,28.9,28.7,28.5
195,30.9,31.0,30.9,31.0,31.0,31.1,31.1,31.1,31.0,31.0,31.0,31.0,30.9,31.0,30.9,30.9,31.1,30.9,31.1,31.0,30.8,31.0,31.0,31.1,31.1,30.9,31.0,31.0,31.2,31.2,31.2,31.4,31.4,31.4,31.7,31.6,31.7,31.9,31.9,32.0,32.1,32.4,32.4,32.5,32.8,32.8,32.8,32.8,33.0,32.9,33.1,33.1,33.3,33.4,33.3,33.2,33.4,33.5,33.3,33.4,33.6,33.4,33.3,33.3,33.3,33.3,33.4,33.7,34.4,35.3,35.3,34.7,34.1,34.0,33.9,33.8,33.7,33.3,33.3,33.5,33.6,33.8,33.6,33.7,33.4,33.3,33.0,32.7,32.7,32.8,32.6,33.0,32.6,32.9,32.8,33.6,33.7,33.4,32.5,32.2,31.8,31.7,31.8,31.8,31.6,31.9,31.9,31.8,31.9,31.9,32.0,32.0,32.0,31.8,31.9,32.2,32.0,32.0,31.9,31.9,31.9,32.0,31.8,31.8,31.6,31.5,31.4,31.5,31.5,31.3,31.3,31.1,31.1,30.9,30.8,30.7,30.7,30.5,30.6,30.4,30.2,30.0,30.2,29.8,29.9,30.0,29.9,29.7,29.7,29.8,29.7,29.5,29.7,29.6,29.5,29.4,29.4,29.3,29.4,29.2,29.4,29.3,29.3,29.1,29.1,29.1,29.2,29.2,29.1,29.0,29.0,29.2,28.9,29.1,28.9,29.0,29.1,29.0,28.9,29.0,28.8,28.9,28.9,29.0,29.0,28.8,28.9,28.8,28.9,28.9,28.7,29.0
196,30.9,30.9,30.9,31.0,31.1,30.7,31.0,31.0,30.9,30.9,31.1,31.0,30.8,31.0,30.9,30.9,30.9,31.0,31.1,30.9,30.8,31.2,31.0,31.1,30.9,31.0,31.1,30.9,31.1,31.0,31.0,31.3,31.4,31.4,31.6,31.5,31.6,31.7,31.7,31.7,32.0,32.1,32.3,32.2,32.3,32.5,32.7,32.7,32.6,32.7,32.7,32.9,32.8,32.9,33.0,32.9,33.0,33.1,33.1,33.1,33.0,33.1,33.0,33.2,33.1,33.0,33.4,33.9,34.7,35.6,35.7,35.0,34.2,34.1,34.1,33.8,33.5,33.4,33.3,33.4,33.6,33.7,33.5,33.4,33.1,32.9,32.6,32.6,32.5,32.5,32.5,32.5,32.6,32.6,33.1,33.6,34.1,33.7,32.8,32.0,31.6,31.6,31.6,31.7,31.6,31.6,31.7,31.5,31.5,31.6,31.5,31.5,31.7,31.7,31.7,31.6,31.8,31.7,31.7,31.6,31.6,31.6,31.5,31.4,31.4,31.4,31.3,31.2,31.1,31.1,30.8,31.0,30.9,30.6,30.6,30.6,30.5,30.5,30.3,30.0,30.3,30.1,29.9,29.9,29.8,29.7,29.8,29.7,29.7,29.7,29.5,29.7,29.5,29.6,29.6,29.6,29.6,29.4,29.4,29.3,29.4,29.5,29.3,29.3,29.2,29.2,29.1,29.2,29.2,29.1,29.0,29.1,28.9,29.0,28.9,29.1,29.1,29.0,29.0,28.8,29.0,28.8,29.0,28.9,28.8,28.9,29.0,28.8,28.9,28.9,28.9,28.8
197,31.0,30.8,31.0,31.0,30.8,30.8,30.9,30.9,31.1,30.9,31.0,31.0,30.8,30.9,30.8,30.9,31.0,30.9,30.9,31.1,30.9,30.9,31.0,30.9,31.0,31.0,30.9,31.1,31.0,31.1,31.1,31.1,31.2,31.3,31.4,31.4,31.6,31.5,31.8,31.6,31.7,32.1,32.1,32.1,32.1,32.3,32.3,32.3,32.5,32.5,32.5,32.6,32.6,32.8,32.7,32.7,32.8,32.8,32.8,32.8,32.8,32.9,32.8,32.8,33.0,32.9,33.2,33.9,34.9,35.9,36.2,35.8,35.4,35.3,35.2,35.0,34.6,34.6,34.4,34.4,34.4,34.4,34.4,34.2,34.1,33.6,33.5,33.5,33.1,33.0,33.3,33.0,33.0,33.3,33.6,34.3,34.4,34.0,32.8,31.9,31.5,31.6,31.4,31.3,31.5,31.3,31.3,31.4,31.4,31.4,31.5,31.6,31.4,31.5,31.4,31.5,31.4,31.4,31.5,31.4,31.3,31.3,31.3,31.2,31.1,31.0,31.1,31.2,30.9,30.8,30.8,30.8,30.6,30.7,30.4,30.5,30.3,30.3,30.3,30.2,30.0,30.0,30.1,29.8,29.9,29.8,29.8,29.6,29.7,29.5,29.5,29.6,29.5,29.4,29.6,29.5,29.4,29.2,29.4,29.4,29.2,29.2,29.2,29.3,29.3,29.2,29.2,29.0,29.1,29.0,29.1,29.0,29.0,29.1,28.9,29.0,29.1,29.0,28.9,29.0,28.9,28.8,28.9,28.8,28.8,28.9,28.9,28.8,28.7,28.8,28.6,28.6
198,30.8,30.9,31.0,30.9,30.8,30.9,30.9,31.0,30.9,30.9,30.9,30.9,30.9,30.8,30.9,31.1,30.9,30.8,30.8,31.0,30.7,30.9,30.9,30.9,30.9,30.9,31.1,30.9,31.0,31.0,31.0,31.0,31.2,31.3,31.2,31.4,31.6,31.5,31.4,31.6,31.6,31.7,31.7,31.8,31.9,32.3,32.2,32.4,32.5,32.3,32.5,32.6,32.6,32.4,32.6,32.5,32.5,32.5,32.8,32.7,32.8,32.7,32.8,32.8,33.0,32.6,33.0,33.9,35.0,36.1,36.6,36.9,36.7,36.6,36.4,36.2,36.1,36.0,36.1,35.9,35.9,36.0,35.7,35.6,35.6,35.3,35.1,35.0,34.9,34.8,34.8,34.8,34.7,34.6,34.9,35.0,34.7,34.0,32.8,31.8,31.7,31.4,31.3,31.3,31.3,31.3,31.3,31.4,31.3,31.2,31.4,31.3,31.3,31.4,31.3,31.2,31.2,31.3,31.3,31.2,31.3,31.2,31.1,31.1,30.9,30.9,30.8,30.8,30.7,30.6,30.6,30.6,30.6,30.6,30.3,30.3,30.2,30.3,30.2,30.1,30.0,29.9,30.0,29.9,29.7,29.9,29.8,29.7,29.6,29.6,29.5,29.4,29.5,29.5,29.6,29.4,29.5,29.5,29.3,29.3,29.1,29.4,29.4,29.2,29.2,29.0,29.2,29.0,29.1,29.0,29.2,29.0,29.0,29.0,29.0,28.9,29.0,28.9,28.9,28.9,28.9,28.9,28.9,29.0,28.7,28.8,28.8,28.9,28.8,28.9,28.6,28.8
199,30.8,30.7,30.8,30.8,30.8,30.9,30.9,30.9,30.9,31.0,30.9,31.1,30.8,30.9,30.9,30.8,30.7,31.0,30.9,30.8,30.9,31.0,30.9,30.9,30.9,30.9,31.0,30.8,31.0,31.0,30.9,31.1,30.9,31.1,31.3,31.3,31.3,31.5,31.4,31.5,31.6,31.6,31.8,31.9,31.8,31.9,32.1,32.1,32.1,32.1,32.2,32.2,32.3,32.3,32.6,32.3,32.5,32.5,32.5,32.5,32.5,32.8,32.6,32.5,32.6,32.7,33.0,33.8,35.0,36.4,37.0,37.3,37.3,37.3,37.2,37.2,36.8,36.9,36.8,36.8,36.9,36.8,36.7,36.5,36.4,36.2,36.3,36.1,35.9,35.9,35.9,35.6,35.6,35.5,35.7,35.4,35.2,34.2,32.8,31.9,31.5,31.4,31.2,31.1,31.1,31.1,31.1,31.2,31.0,31.1,31.0,31.0,31.1,31.1,31.2,31.1,31.2,31.0,31.0,30.9,31.0,30.9,30.8,30.8,30.8,30.8,30.7,30.8,30.7,30.6,30.5,30.5,30.4,30.3,30.2,30.2,30.3,30.2,30.0,30.0,29.8,29.9,29.8,29.7,29.9,29.7,29.8,29.8,29.7,29.6,29.5,29.5,29.6,29.5,29.5,29.3,29.3,29.4,29.2,29.2,29.3,29.3,29.1,29.3,29.0,29.1,29.0,29.0,29.2,29.2,29.0,29.0,29.0,29.0,29.0,29.0,28.9,28.7,28.7,29.0,29.0,29.0,29.0,28.8,28.8,28.8,28.9,28.7,28.8,28.7,28.8,28.9
200,30.8,30.8,30.8,30.9,30.9,30.8,30.8,30.9,30.8,30.9,30.8,30.8,30.7,30.9,30.8,30.8,30.8,30.9,30.8,30.7,30.9,30.8,30.9,30.8,30.9,30.8,30.9,30.8,30.9,30.8,30.9,30.9,31.0,31.1,31.2,31.3,31.3,31.2,31.4,31.5,31.3,31.5,31.5,31.6,31.6,31.8,32.1,31.8,32.1,32.0,32.2,32.1,32.1,32.2,32.3,32.3,32.3,32.3,32.2,32.4,32.4,32.6,32.4,32.4,32.5,32.5,32.9,33.8,35.1,36.5,37.3,37.8,37.9,37.7,37.7,37.8,37.7,37.7,37.5,37.4,37.4,37.2,37.4,37.3,37.3,37.0,36.7,36.8,36.6,36.6,36.5,36.3,36.1,36.0,35.9,35.7,35.2,34.1,32.6,31.6,31.3,31.2,31.1,31.0,30.9,31.0,31.0,31.0,30.8,31.0,30.8,31.1,30.9,30.9,30.8,30.9,30.9,30.9,31.0,30.8,31.0,30.9,30.9,30.8,30.6,30.4,30.6,30.6,30.4,30.4,30.4,30.4,30.4,30.5,30.2,30.2,30.0,30.1,30.1,30.0,29.6,29.8,30.0,29.6,29.7,29.6,29.5,29.7,29.6,29.4,29.5,29.6,29.4,29.4,29.2,29.3,29.4,29.2,29.5,29.2,29.3,29.3,29.2,29.2,29.1,29.0,29.1,29.1,29.1,29.1,29.1,29.0,28.9,29.0,29.0,28.9,29.2,29.0,28.8,28.9,28.8,28.8,28.9,28.8,28.9,29.1,28.8,28.7,28.8,28.8,28.8,28.9
201,31.0,30.9,30.8,30.9,30.9,30.9,30.8,30.8,30.7,30.8,30.9,30.8,30.7,30.9,30.9,30.8,30.7,30.8,30.8,30.7,30.8,30.6,30.9,30.8,30.9,30.9,30.7,30.8,30.9,30.8,31.1,31.0,31.0,31.0,31.0,31.0,31.1,31.1,31.4,31.4,31.5,31.5,31.4,31.6,31.7,31.7,31.6,31.7,31.9,31.8,32.1,32.1,32.0,32.2,32.1,32.0,32.0,32.3,32.1,32.2,32.3,32.3,32.2,32.2,32.3,32.4,32.9,33.6,35.0,36.8,37.5,37.7,38.0,38.0,38.1,38.0,37.8,38.0,37.9,37.8,37.8,37.8,37.6,37.5,37.4,37.3,37.3,37.2,37.1,37.0,36.7,36.7,36.5,36.2,36.0,35.7,35.1,33.9,32.5,31.5,31.1,31.0,31.0,30.9,30.8,30.9,30.8,30.9,31.0,30.7,30.9,30.8,30.8,30.8,30.7,30.8,30.8,30.6,30.6,30.7,30.7,30.5,30.7,30.4,30.5,30.4,30.6,30.5,30.3,30.5,30.3,30.3,30.1,30.2,30.2,30.1,29.9,30.1,30.1,29.9,30.0,29.9,29.8,29.6,29.8,29.6,29.6,29.5,29.5,29.6,29.5,29.5,29.4,29.5,29.3,29.4,29.2,29.4,29.3,29.3,29.2,29.2,29.1,29.2,29.2,29.2,29.2,29.1,29.2,29.0,29.0,29.1,28.9,29.0,29.0,28.9,29.0,29.0,28.9,28.8,28.9,29.0,28.9,29.1,28.9,28.8,28.9,28.8,29.0,29.0,28.8,28.9
202,30.7,30.8,30.9,30.8,30.7,30.8,30.8,30.9,30.8,30.7,30.7,30.7,30.6,30.9,30.8,30.6,30.6,30.9,30.9,30.8,30.6,30.8,30.8,30.8,30.9,30.7,30.7,30.9,30.8,30.8,30.9,30.8,30.8,30.9,30.9,31.1,31.1,31.1,31.2,31.3,31.3,31.2,31.5,31.5,31.5,31.5,31.5,31.7,31.7,31.6,31.9,31.8,31.9,31.7,31.8,31.7,32.0,32.1,31.9,32.0,32.0,32.2,32.2,32.1,32.1,32.2,32.7,33.6,35.0,36.6,37.4,37.7,37.8,37.8,37.9,37.9,37.8,37.8,37.9,37.8,37.6,37.5,37.6,37.7,37.4,37.3,37.2,37.2,37.1,36.8,36.8,36.6,36.4,36.0,35.8,35.5,35.0,33.8,32.2,31.5,31.0,30.9,30.8,30.8,30.5,30.8,30.8,30.5,30.8,30.6,30.8,30.8,30.8,30.7,30.5,30.7,30.7,30.5,30.8,30.6,30.5,30.5,30.5,30.5,30.4,30.2,30.2,30.3,30.3,30.2,30.2,30.2,30.1,30.1,30.0,29.9,29.9,29.8,29.9,29.9,29.6,29.7,29.6,29.5,29.6,29.6,29.6,29.6,29.6,29.4,29.5,29.3,29.5,29.4,29.4,29.3,29.2,29.3,29.1,29.2,29.2,29.3,29.1,29.2,29.2,29.0,29.1,29.0,29.2,29.2,29.1,29.0,28.9,28.9,29.0,29.0,29.0,28.8,28.9,28.8,28.9,28.8,28.9,28.9,29.0,28.9,28.8,28.8,28.7,28.8,28.7,28.8
203,30.7,30.8,30.7,30.7,30.9,30.8,30.9,30.9,30.7,30.9,30.8,30.8,30.9,30.8,30.9,30.9,30.8,30.9,30.8,30.7,30.9,30.7,30.8,30.7,30.9,30.8,30.9,30.8,30.8,30.8,30.8,30.9,31.0,31.0,30.9,30.9,31.1,31.2,31.0,31.2,31.1,31.5,31.3,31.4,31.3,31.6,31.6,31.5,31.7,31.5,31.7,31.6,31.5,31.7,31.7,31.7,31.7,31.8,32.0,31.7,31.8,32.0,31.9,32.0,32.2,32.2,32.6,33.4,34.7,36.5,37.3,37.6,37.5,37.7,37.6,37.7,37.6,37.5,37.5,37.4,37.4,37.4,37.2,37.2,37.2,37.0,37.1,36.9,36.7,36.6,36.3,36.1,36.0,35.8,35.6,35.4,34.8,33.7,32.3,31.2,30.8,30.7,30.6,30.6,30.6,30.6,30.5,30.6,30.5,30.5,30.7,30.5,30.6,30.5,30.5,30.6,30.4,30.5,30.5,30.4,30.4,30.5,30.5,30.5,30.4,30.3,30.1,30.3,30.1,30.1,30.0,30.0,30.0,30.0,30.0,30.0,29.9,29.9,29.8,29.7,29.8,29.7,29.7,29.6,29.6,29.6,29.5,29.5,29.5,29.4,29.5,29.3,29.5,29.3,29.5,29.3,29.3,29.4,29.2,29.4,29.3,29.0,29.3,29.2,29.1,29.4,29.1,29.1,29.1,29.0,28.9,29.0,28.9,29.1,29.0,28.9,29.1,28.9,28.9,28.9,29.0,28.9,28.8,29.0,28.9,28.8,28.8,29.0,28.8,28.8,28.8,28.7
204,30.7,30.8,30.8,30.7,30.6,30.8,30.7,30.8,30.8,30.6,30.6,30.7,30.6,30.7,30.6,30.7,30.8,30.7,30.7,30.7,30.9,30.6,30.8,30.6,30.7,30.6,30.7,30.6,30.7,30.5,30.7,30.8,30.7,30.9,30.9,30.9,31.0,31.0,31.0,31.0,31.2,31.1,31.3,31.1,31.1,31.3,31.3,31.4,31.3,31.4,31.4,31.5,31.6,31.5,31.7,31.4,31.7,31.6,31.6,31.7,31.8,31.8,31.9,31.9,31.9,31.8,32.3,33.3,34.8,36.2,37.1,37.3,37.2,37.1,37.2,37.3,37.3,37.3,37.1,37.2,37.1,36.9,36.7,36.8,36.9,36.6,36.5,36.5,36.2,36.1,35.9,35.7,35.5,35.4,35.3,35.0,34.5,33.1,31.6,31.0,30.8,30.5,30.5,30.4,30.4,30.6,30.4,30.5,30.5,30.4,30.5,30.3,30.4,30.4,30.3,30.4,30.2,30.2,30.4,30.3,30.3,30.3,30.3,30.2,30.0,30.0,30.2,30.3,30.0,30.0,30.2,29.9,30.1,30.0,29.9,29.8,29.8,29.8,29.8,29.8,29.7,29.6,29.8,29.4,29.6,29.5,29.4,29.3,29.2,29.4,29.2,29.4,29.4,29.4,29.2,29.2,29.2,29.1,29.4,29.1,29.1,29.0,29.0,29.0,29.0,29.2,29.2,29.0,29.0,29.0,29.1,29.0,29.0,28.7,28.8,29.0,29.0,28.9,28.9,28.9,29.0,28.9,28.9,28.7,29.0,28.8,28.7,28.8,28.8,28.8,28.6,28.7
205,30.7,30.8,30.6,30.8,30.7,30.5,30.6,30.6,30.5,30.6,30.6,30.7,30.7,30.8,30.7,30.7,30.7,30.7,30.8,30.8,30.5,30.6,30.8,30.5,30.7,30.7,30.7,30.7,30.6,30.8,30.7,30.8,30.9,30.9,30.8,30.9,30.9,30.8,30.9,30.9,31.2,31.1,31.2,31.3,31.1,31.3,31.2,31.3,31.4,31.4,31.3,31.5,31.5,31.6,31.4,31.5,31.5,31.5,31.6,31.5,31.6,31.8,31.7,31.7,31.9,32.0,32.5,33.4,34.7,35.9,36.6,36.9,36.9,37.0,36.9,36.9,36.8,36.7,36.7,36.7,36.7,36.4,36.4,36.4,36.4,36.2,36.0,36.1,35.9,35.8,35.4,35.5,35.2,35.0,34.9,34.8,34.0,32.9,31.6,30.9,30.6,30.5,30.4,30.3,30.3,30.4,30.4,30.2,30.3,30.4,30.3,30.3,30.3,30.4,30.2,30.2,30.4,30.3,30.3,30.2,30.2,30.2,30.2,30.2,30.1,30.0,30.1,30.0,30.0,30.0,29.8,29.9,30.0,29.6,29.8,29.7,29.8,29.6,29.6,29.8,29.6,29.7,29.7,29.5,29.7,29.6,29.4,29.4,29.4,29.4,29.5,29.4,29.3,29.3,29.4,29.2,29.2,29.1,29.1,29.2,29.2,29.0,29.1,29.0,29.2,29.2,29.0,29.2,28.9,29.0,29.1,29.0,28.9,28.9,29.0,28.8,29.2,28.9,29.0,28.8,28.8,29.0,29.0,28.8,28.8,28.9,28.6,28.8,28.8,29.0,28.8,28.8
206,30.6,30.6,30.7,30.5,30.6,30.7,30.6,30.5,30.4,30.6,30.7,30.5,30.5,30.7,30.5,30.8,30.7,30.7,30.6,30.5,30.4,30.7,30.6,30.8,30.6,30.5,30.7,30.8,30.7,30.6,30.8,30.8,30.8,30.8,30.7,30.8,30.8,30.6,30.9,30.9,30.9,30.9,31.1,31.1,31.1,31.2,31.1,31.3,31.3,31.2,31.3,31.4,31.3,31.5,31.5,31.3,31.4,31.3,31.5,31.4,31.5,31.7,31.6,31.7,31.7,31.7,32.2,33.1,34.4,35.8,36.4,36.6,36.6,36.6,36.5,36.3,36.4,36.4,36.4,36.2,36.3,36.3,36.2,36.1,36.0,35.9,35.7,35.6,35.4,35.3,35.0,35.0,34.8,34.7,34.7,34.4,33.8,32.8,31.4,30.8,30.5,30.5,30.4,30.2,30.4,30.4,30.2,30.2,30.3,30.2,30.2,30.3,30.2,30.3,30.2,30.1,30.2,30.2,30.1,30.0,30.1,30.1,30.1,30.0,30.1,30.0,30.0,29.9,29.8,29.9,29.9,29.9,29.7,29.8,29.8,29.6,29.7,29.7,29.6,29.7,29.6,29.6,29.6,29.5,29.4,29.5,29.5,29.5,29.4,29.4,29.3,29.3,29.2,29.4,29.4,29.2,29.3,29.1,29.1,29.2,29.0,29.0,29.0,29.0,29.1,29.0,29.0,29.0,29.0,29.0,29.1,29.1,29.0,28.9,29.0,28.9,28.9,28.8,28.8,28.8,28.9,29.0,28.9,28.8,28.8,28.9,28.8,28.8,28.9,28.8,28.8,28.8
207,30.5,30.6,30.7,30.7,30.5,30.5,30.7,30.6,30.5,30.7,30.5,30.7,30.5,30.7,30.6,30.6,30.6,30.6,30.6,30.5,30.7,30.5,30.5,30.5,30.5,30.8,30.7,30.6,30.8,30.6,30.7,30.7,30.6,30.8,30.8,30.7,30.9,30.8,30.9,30.8,31.0,30.9,31.2,31.0,31.1,31.0,31.1,31.2,31.0,31.1,31.2,31.2,31.2,31.4,31.3,31.3,31.4,31.3,31.4,31.4,31.5,31.2,31.4,31.5,31.6,31.7,32.3,33.0,34.6,35.7,36.1,36.3,36.4,36.3,36.3,36.2,36.2,36.2,36.3,36.1,36.0,36.0,35.7,35.7,35.7,35.5,35.5,35.2,35.2,34.9,34.7,34.6,34.5,34.4,34.3,34.2,33.5,32.4,31.3,30.7,30.4,30.4,30.2,30.1,30.2,30.2,30.1,30.2,30.2,30.1,30.1,30.1,30.2,30.2,30.0,30.1,30.2,30.0,30.0,30.0,29.9,30.0,30.0,30.0,30.0,29.8,30.0,29.9,29.7,29.9,29.7,29.8,29.6,29.6,29.6,29.7,29.6,29.6,29.6,29.6,29.7,29.5,29.6,29.3,29.6,29.5,29.5,29.3,29.4,29.4,29.3,29.3,29.2,29.1,29.1,29.1,29.2,29.2,29.4,29.1,29.1,29.2,29.2,29.0,29.0,29.2,29.0,28.9,29.0,29.0,28.9,28.9,28.9,28.9,28.8,29.0,29.0,28.9,28.7,29.0,29.0,28.8,28.9,28.9,28.6,28.8,28.7,28.8,28.8,29.0,28.8,28.6
208,30.5,30.5,30.5,30.6,30.6,30.5,30.5,30.6,30.4,30.4,30.5,30.7,30.5,30.5,30.4,30.7,30.6,30.4,30.5,30.6,30.4,30.5,30.4,30.5,30.4,30.5,30.6,30.5,30.6,30.6,30.6,30.7,30.6,30.7,30.7,30.7,30.7,30.7,30.7,30.8,30.9,30.9,30.8,30.9,30.9,31.0,30.9,30.9,31.1,31.0,31.1,31.1,31.2,31.1,31.2,31.1,31.0,31.2,31.2,31.1,31.2,31.4,31.3,31.3,31.3,31.5,32.2,32.8,34.2,35.4,35.8,36.0,36.0,35.9,36.0,36.0,35.9,35.6,35.7,35.7,35.6,35.4,35.6,35.3,35.4,35.1,35.1,34.9,34.8,34.6,34.5,34.4,34.2,33.9,34.1,33.8,33.2,32.0,31.0,30.5,30.4,30.1,30.2,30.0,30.1,30.2,30.0,30.0,30.0,30.0,30.1,30.1,30.1,29.9,29.9,29.9,29.8,30.0,30.0,29.8,29.8,29.7,29.9,29.9,29.8,29.8,29.8,29.8,29.7,29.8,29.5,29.7,29.6,29.6,29.6,29.6,29.5,29.6,29.4,29.6,29.5,29.4,29.4,29.4,29.3,29.1,29.3,29.3,29.2,29.2,29.2,29.2,29.1,29.2,29.2,29.0,29.1,29.1,29.1,29.0,29.2,28.9,29.0,29.0,29.0,28.9,28.9,28.8,29.1,29.0,29.0,29.0,29.0,28.8,28.8,28.8,29.0,28.8,28.8,28.9,28.9,29.0,29.0,28.8,28.6,28.7,28.8,28.6,28.7,28.7,28.6,28.5
209,30.6,30.5,30.7,30.5,30.5,30.5,30.8,30.5,30.3,30.5,30.6,30.6,30.5,30.6,30.5,30.5,30.7,30.5,30.7,30.5,30.6,30.6,30.6,30.5,30.5,30.6,30.5,30.5,30.7,30.5,30.7,30.6,30.5,30.5,30.6,30.8,30.8,30.6,30.6,30.7,30.8,30.9,30.9,30.9,30.9,30.9,30.9,31.1,30.9,30.9,30.9,31.0,31.0,31.2,31.1,31.1,31.1,31.1,31.2,31.1,31.1,31.3,31.3,31.3,31.4,31.5,32.0,32.8,33.9,35.1,35.7,35.8,35.8,35.9,35.7,35.7,35.7,35.5,35.5,35.5,35.4,35.2,35.2,35.2,35.0,34.9,34.6,34.7,34.5,34.3,34.2,34.1,33.9,33.6,33.5,33.4,33.0,31.7,30.9,30.4,30.2,30.2,30.2,30.1,29.9,30.1,30.0,30.0,30.0,29.9,30.1,30.1,30.0,30.0,30.0,29.7,29.9,29.9,29.9,29.9,30.0,29.8,29.9,29.7,29.6,29.9,29.7,29.7,29.8,29.6,29.6,29.7,29.7,29.6,29.4,29.4,29.5,29.4,29.4,29.4,29.2,29.4,29.5,29.3,29.4,29.1,29.2,29.2,29.1,29.2,29.0,29.2,29.1,29.0,29.2,29.1,29.0,29.2,29.2,29.1,29.1,29.1,29.0,28.9,28.9,28.8,29.0,28.9,28.8,29.0,29.0,28.8,29.0,29.0,28.9,28.8,28.8,28.8,28.7,28.9,28.7,28.9,28.9,28.8,28.6,28.8,28.7,28.7,28.8,28.7,28.8,28.7
210,30.5,30.3,30.5,30.5,30.4,30.6,30.6,30.6,30.5,30.5,30.5,30.6,30.3,30.5,30.5,30.2,30.5,30.5,30.6,30.4,30.4,30.6,30.5,30.6,30.5,30.5,30.5,30.6,30.7,30.5,30.7,30.6,30.7,30.6,30.7,30.9,30.8,30.7,30.8,30.7,30.9,30.9,30.9,30.8,30.9,30.9,30.9,31.1,30.8,31.0,31.0,31.0,30.8,31.1,30.9,31.1,31.0,31.1,31.0,31.1,31.1,31.2,31.2,31.3,31.3,31.4,31.9,32.8,34.1,35.0,35.4,35.6,35.6,35.5,35.6,35.4,35.6,35.4,35.4,35.4,35.2,35.2,35.0,35.1,35.0,34.7,34.7,34.5,34.3,34.1,34.1,33.9,33.7,33.6,33.5,33.2,32.8,31.7,30.8,30.1,30.2,30.2,30.2,30.0,30.1,30.1,30.0,30.0,29.9,30.0,30.1,30.0,29.8,30.0,30.0,30.0,29.8,29.9,29.8,29.8,29.7,30.0,29.9,29.6,29.8,29.9,29.6,29.6,29.8,29.8,29.6,29.6,29.5,29.6,29.7,29.4,29.6,29.5,29.6,29.6,29.6,29.5,29.4,29.4,29.4,29.4,29.2,29.1,29.2,29.3,29.2,29.2,29.2,29.4,29.2,29.0,29.1,29.2,29.0,29.2,29.2,29.2,29.0,29.0,29.2,29.1,29.0,29.0,29.0,29.2,29.0,28.9,28.9,28.8,28.9,28.9,29.0,28.9,28.9,28.8,28.9,28.8,28.9,28.8,28.8,28.9,28.8,28.8,28.9,28.8,28.7,28.8
211,30.4,30.6,30.4,30.2,30.4,30.2,30.4,30.3,30.3,30.5,30.6,30.3,30.5,30.5,30.5,30.3,30.7,30.4,30.5,30.5,30.3,30.5,30.6,30.5,30.4,30.5,30.4,30.5,30.7,30.5,30.4,30.4,30.6,30.7,30.6,30.5,30.6,30.6,30.7,30.8,30.6,30.8,31.0,30.8,30.8,30.8,30.9,30.8,30.8,30.8,30.7,30.8,30.9,30.9,31.0,30.9,30.8,31.1,31.1,31.0,31.1,30.9,31.1,31.1,31.2,31.3,31.7,32.5,33.8,34.7,35.2,35.4,35.3,35.3,35.3,35.3,35.2,35.2,35.2,35.3,35.0,35.0,35.0,34.9,34.8,34.5,34.5,34.4,34.2,34.2,33.9,33.6,33.5,33.4,33.3,32.8,32.4,31.3,30.7,29.9,30.0,30.0,30.1,29.9,29.8,29.9,29.7,29.9,29.9,29.8,29.9,29.9,29.7,29.8,29.8,29.7,29.9,29.9,29.7,29.7,29.7,29.7,29.5,29.7,29.7,29.5,29.5,29.7,29.6,29.6,29.7,29.6,29.5,29.6,29.5,29.4,29.4,29.5,29.5,29.5,29.4,29.2,29.2,29.2,29.2,29.2,29.3,29.2,29.2,29.2,29.1,29.2,29.1,29.0,29.1,29.0,29.0,29.1,29.1,28.9,29.1,28.9,28.8,28.9,29.0,29.0,28.9,28.9,28.8,28.9,28.9,29.0,28.8,29.0,28.8,28.9,28.9,28.8,28.9,28.8,28.8,28.9,28.6,28.8,28.8,28.8,28.7,28.7,28.8,28.8,28.6,28.6
212,30.5,30.5,30.3,30.4,30.3,30.4,30.4,30.4,30.3,30.5,30.2,30.4,30.2,30.4,30.3,30.3,30.4,30.3,30.4,30.5,30.4,30.5,30.4,30.4,30.4,30.6,30.3,30.5,30.5,30.5,30.4,30.7,30.5,30.6,30.5,30.5,30.6,30.5,30.8,30.7,30.7,30.5,30.5,30.8,30.7,30.9,30.8,30.8,30.8,30.8,30.7,30.8,30.7,30.9,30.8,30.7,31.0,30.8,30.8,31.0,30.9,31.0,30.9,31.0,31.0,31.2,31.6,32.3,33.5,34.5,35.0,35.1,34.9,35.2,35.0,35.0,35.1,34.9,34.9,35.0,34.9,34.8,34.8,34.7,34.7,34.5,34.4,34.3,34.1,34.0,33.8,33.6,33.3,33.3,33.2,32.5,31.9,31.0,30.5,30.0,30.0,29.9,29.9,29.9,29.9,29.8,29.8,29.8,29.7,29.7,29.7,29.7,29.7,29.6,29.7,29.7,29.8,29.7,29.6,29.6,29.6,29.8,29.5,29.6,29.5,29.5,29.7,29.6,29.6,29.5,29.3,29.4,29.4,29.5,29.5,29.4,29.4,29.5,29.4,29.3,29.4,29.2,29.2,29.1,29.2,29.0,29.2,29.2,29.1,29.1,29.1,29.3,29.0,29.1,29.2,29.0,29.2,29.0,29.0,28.9,29.0,28.9,29.0,29.0,29.0,28.9,28.8,28.8,29.0,28.9,28.8,28.8,28.8,28.8,28.8,28.7,29.0,29.1,28.8,28.8,28.8,28.8,28.8,28.8,28.8,28.7,28.7,28.8,28.8,28.7,28.6,28.8
213,30.4,30.5,30.3,30.3,30.5,30.3,30.6,30.6,30.4,30.5,30.4,30.2,30.5,30.5,30.4,30.4,30.5,30.5,30.5,30.5,30.5,30.3,30.5,30.3,30.2,30.4,30.3,30.3,30.3,30.3,30.7,30.5,30.6,30.5,30.5,30.5,30.6,30.6,30.6,30.6,30.6,30.7,30.7,30.6,30.6,30.8,30.7,30.6,30.7,30.6,30.8,30.8,30.7,30.8,30.6,30.7,30.8,30.8,30.8,30.9,31.0,30.9,30.9,31.0,31.1,31.0,31.6,32.3,33.6,34.4,34.7,34.8,34.8,34.8,35.0,35.0,34.9,34.8,34.8,34.9,35.0,34.6,34.6,34.6,34.6,34.5,34.4,34.2,34.1,33.8,33.7,33.5,33.4,33.1,33.0,32.4,31.8,30.9,30.3,30.0,30.0,29.8,29.8,29.7,29.7,29.8,29.9,29.8,29.6,29.8,29.6,29.7,29.7,29.6,29.6,29.5,29.6,29.6,29.6,29.5,29.6,29.6,29.6,29.6,29.6,29.3,29.4,29.4,29.4,29.4,29.5,29.3,29.4,29.3,29.5,29.4,29.4,29.4,29.3,29.4,29.2,29.4,29.4,29.2,29.3,29.2,29.2,29.2,29.4,29.2,29.0,29.0,29.1,29.1,29.0,29.1,29.0,29.0,29.0,28.9,29.1,28.8,29.1,28.9,29.0,29.0,29.0,28.9,28.9,28.9,28.8,29.0,28.8,28.7,28.8,29.0,28.8,28.9,28.8,28.8,28.8,28.9,28.8,28.9,28.6,28.8,28.7,28.8,28.8,28.7,28.7,28.6
214,30.2,30.5,30.3,30.4,30.4,30.5,30.5,30.5,30.4,30.5,30.4,30.3,30.2,30.3,30.2,30.2,30.3,30.4,30.5,30.4,30.4,30.5,30.4,30.4,30.5,30.4,30.3,30.5,30.6,30.5,30.5,30.6,30.5,30.4,30.5,30.7,30.6,30.6,30.5,30.5,30.6,30.4,30.6,30.5,30.6,30.7,30.8,30.7,30.7,30.7,30.5,30.9,30.7,30.7,30.8,30.8,30.8,30.7,30.6,30.7,30.8,30.9,30.9,30.9,30.9,30.9,31.5,32.3,33.5,34.2,34.4,34.7,34.7,34.5,34.7,34.6,34.7,34.8,34.7,34.7,34.6,34.6,34.6,34.5,34.4,34.3,34.1,34.0,33.9,33.9,33.7,33.5,33.2,32.8,32.7,32.3,31.6,30.9,30.1,29.9,29.9,29.8,29.9,29.7,29.7,29.8,29.6,29.8,29.7,29.6,29.6,29.6,29.6,29.5,29.7,29.6,29.6,29.5,29.5,29.4,29.6,29.5,29.6,29.4,29.5,29.4,29.5,29.4,29.5,29.3,29.4,29.6,29.4,29.3,29.4,29.4,29.4,29.5,29.2,29.3,29.3,29.1,29.0,29.1,29.3,29.2,29.1,29.2,29.0,29.1,29.3,29.0,29.2,29.0,29.1,28.9,29.3,29.2,29.1,29.0,29.0,28.9,29.0,28.8,29.0,28.8,28.9,28.9,29.0,28.9,28.8,28.8,28.9,28.8,28.9,28.9,28.9,28.9,28.8,28.8,28.9,28.8,28.8,28.8,28.7,28.8,28.7,28.7,28.7,28.6,28.6,28.6
215,30.5,30.5,30.3,30.5,30.3,30.5,30.3,30.3,30.4,30.5,30.3,30.2,30.3,30.3,30.3,30.3,30.4,30.3,30.4,30.3,30.5,30.2,30.4,30.3,30.3,30.4,30.2,30.2,30.5,30.4,30.4,30.4,30.3,30.3,30.5,30.5,30.5,30.4,30.6,30.5,30.6,30.5,30.5,30.5,30.5,30.7,30.7,30.6,30.5,30.7,30.6,30.8,30.8,30.8,30.6,30.6,30.8,30.7,30.7,30.7,30.8,30.9,30.6,30.9,30.8,30.9,31.4,32.1,33.4,34.0,34.2,34.2,34.4,34.4,34.4,34.4,34.4,34.6,34.5,34.4,34.4,34.4,34.4,34.4,34.2,34.0,34.0,34.0,33.7,33.7,33.5,33.2,33.1,32.8,32.5,32.1,31.5,30.6,30.0,29.9,29.8,29.8,29.8,29.8,29.6,29.8,29.6,29.6,29.7,29.6,29.6,29.8,29.7,29.6,29.5,29.6,29.6,29.6,29.4,29.6,29.6,29.6,29.5,29.5,29.6,29.4,29.4,29.6,29.4,29.4,29.6,29.4,29.4,29.4,29.2,29.2,29.4,29.4,29.4,29.3,29.2,29.2,29.2,29.1,29.2,29.0,29.2,29.1,29.2,29.2,29.0,29.0,29.0,29.2,29.0,29.1,29.1,29.0,28.8,28.9,29.1,28.9,28.9,28.8,28.9,28.8,28.9,29.0,28.6,29.0,28.9,28.9,28.8,28.8,29.0,29.0,28.8,28.8,28.8,28.7,28.9,28.8,28.7,28.7,28.8,28.7,28.9,28.6,28.8,28.8,28.7,28.7
216,30.4,30.4,30.3,30.4,30.4,30.3,30.4,30.5,30.1,30.3,30.5,30.1,30.4,30.5,30.2,30.3,30.2,30.3,30.4,30.4,30.2,30.6,30.2,30.2,30.3,30.3,30.3,30.4,30.3,30.4,30.3,30.2,30.4,30.4,30.2,30.6,30.4,30.4,30.5,30.2,30.6,30.3,30.5,30.5,30.5,30.6,30.6,30.6,30.5,30.5,30.6,30.5,30.5,30.5,30.5,30.6,30.8,30.5,30.5,30.7,30.7,30.7,30.7,30.7,30.8,30.9,31.2,32.3,33.3,33.8,34.1,33.9,34.1,34.0,34.4,34.1,34.3,34.1,34.3,34.3,34.2,34.2,34.1,34.1,34.0,33.8,33.8,33.6,33.6,33.3,33.3,32.9,32.9,32.6,32.3,31.7,31.1,30.6,30.0,29.6,29.7,29.6,29.6,29.6,29.7,29.6,29.7,29.6,29.6,29.6,29.6,29.7,29.6,29.5,29.4,29.4,29.6,29.5,29.5,29.3,29.6,29.4,29.4,29.5,29.5,29.3,29.5,29.4,29.4,29.2,29.4,29.4,29.3,29.2,29.2,29.4,29.1,29.2,29.2,29.2,29.2,29.1,29.2,29.0,29.1,29.1,28.8,29.1,29.2,28.9,29.1,29.0,29.1,29.0,28.9,28.9,28.9,29.2,28.8,28.8,29.0,29.0,28.8,28.9,28.8,28.8,29.0,28.9,28.9,28.9,28.7,28.8,28.8,28.7,28.9,28.7,28.9,28.8,28.7,28.8,28.8,28.8,28.8,28.8,28.7,28.7,28.8,28.7,28.8,28.7,28.8,28.8
217,30.4,30.4,30.4,30.2,30.3,30.2,30.4,30.4,30.2,30.2,30.4,30.3,30.2,30.4,30.2,30.4,30.4,30.3,30.3,30.2,30.4,30.4,30.2,30.3,30.3,30.4,30.5,30.4,30.2,30.4,30.3,30.3,30.5,30.5,30.2,30.5,30.5,30.5,30.5,30.3,30.5,30.4,30.5,30.5,30.4,30.6,30.5,30.6,30.5,30.5,30.6,30.5,30.5,30.5,30.5,30.5,30.5,30.4,30.6,30.7,30.6,30.5,30.7,30.6,30.8,30.7,31.3,32.1,33.1,33.8,33.8,33.9,34.0,34.0,34.0,34.0,34.1,34.1,34.1,34.0,34.0,34.1,33.9,33.9,33.7,33.8,33.7,33.5,33.4,33.3,32.9,32.7,32.6,32.3,32.1,31.8,31.0,30.2,30.0,29.7,29.6,29.7,29.6,29.6,29.6,29.6,29.5,29.4,29.6,29.5,29.4,29.6,29.4,29.4,29.5,29.4,29.4,29.5,29.3,29.5,29.5,29.4,29.3,29.5,29.4,29.2,29.3,29.4,29.3,29.3,29.4,29.2,29.3,29.4,29.2,29.2,29.3,29.2,29.2,29.3,29.2,29.1,29.1,28.9,29.1,29.0,29.2,29.2,29.1,29.1,29.0,29.0,29.0,29.0,29.0,28.9,28.9,29.0,28.9,29.1,28.9,28.9,28.9,29.0,28.9,28.9,28.9,28.9,28.8,28.9,28.8,28.9,28.8,28.8,28.8,28.7,28.8,28.8,28.8,28.8,28.9,28.9,28.8,28.8,28.8,28.9,28.7,28.8,28.8,28.9,28.7,28.5
218,30.4,30.2,30.4,30.3,30.3,30.3,30.1,30.2,30.0,30.3,30.2,30.2,30.1,30.4,30.3,30.2,30.2,30.3,30.4,30.1,30.3,30.2,30.3,30.2,30.2,30.5,30.2,30.3,30.2,30.5,30.2,30.3,30.2,30.2,30.2,30.4,30.5,30.4,30.3,30.4,30.3,30.2,30.4,30.4,30.4,30.5,30.4,30.5,30.3,30.4,30.5,30.4,30.5,30.5,30.5,30.5,30.4,30.5,30.4,30.5,30.4,30.5,30.7,30.5,30.7,30.7,31.1,32.0,32.9,33.5,33.9,33.8,33.9,33.8,33.9,33.8,33.9,33.7,33.9,33.9,33.9,33.7,33.9,33.7,33.6,33.4,33.4,33.2,33.1,33.0,32.7,32.6,32.2,32.1,31.9,31.3,30.9,30.2,29.8,29.6,29.6,29.6,29.6,29.6,29.5,29.4,29.5,29.5,29.4,29.4,29.5,29.4,29.5,29.4,29.4,29.4,29.4,29.2,29.4,29.4,29.4,29.4,29.3,29.2,29.3,29.1,29.2,29.4,29.3,29.2,29.3,29.3,29.2,29.2,29.0,29.1,29.1,29.2,29.1,29.0,29.0,29.0,29.1,29.0,29.0,29.0,29.0,28.9,29.0,29.0,29.1,28.9,29.0,28.9,29.0,29.0,28.9,28.9,29.0,29.0,28.8,28.8,28.9,29.0,28.8,28.8,28.9,28.8,28.8,28.8,28.7,28.8,28.7,28.7,28.8,28.8,28.8,28.9,28.7,28.8,28.7,28.8,28.8,28.8,28.6,28.7,28.6,28.6,28.7,28.7,28.8,28.7
219,30.2,30.2,30.3,30.3,30.3,30.3,30.2,30.2,30.2,30.4,30.2,30.2,30.1,30.3,30.3,30.2,30.3,30.2,30.2,30.3,30.2,30.3,30.2,30.2,30.5,30.3,30.2,30.4,30.3,30.3,30.2,30.3,30.4,30.2,30.5,30.3,30.4,30.4,30.4,30.2,30.3,30.4,30.5,30.3,30.3,30.5,30.5,30.3,30.3,30.5,30.3,30.5,30.4,30.4,30.6,30.5,30.5,30.4,30.4,30.5,30.4,30.4,30.5,30.6,30.7,30.7,31.1,31.9,32.8,33.4,33.6,33.7,33.6,33.7,33.6,33.8,33.7,33.5,33.7,33.6,33.7,33.6,33.5,33.6,33.4,33.3,33.3,33.0,33.0,32.7,32.7,32.5,32.2,32.0,31.7,31.5,30.7,30.1,29.8,29.6,29.6,29.6,29.6,29.4,29.2,29.4,29.4,29.4,29.6,29.4,29.4,29.2,29.4,29.4,29.3,29.6,29.4,29.3,29.4,29.3,29.2,29.2,29.2,29.2,29.2,29.2,29.3,29.2,29.2,29.2,29.2,29.2,28.9,29.0,29.2,29.1,29.2,29.1,29.0,29.1,29.0,29.0,29.2,29.1,29.2,28.9,28.9,28.9,29.2,28.8,29.0,28.8,29.0,28.8,29.0,28.8,29.0,29.0,28.9,28.9,28.9,28.9,28.9,28.9,28.8,28.9,28.8,28.8,28.8,28.9,28.8,28.9,28.8,28.8,28.9,28.7,28.8,28.8,28.8,28.6,28.8,28.9,28.7,28.9,28.6,28.8,28.7,28.7,28.7,28.8,28.7,28.8
220,30.2,30.3,30.2,30.2,30.3,30.1,30.1,30.2,30.2,30.3,30.2,30.3,30.1,30.3,30.2,30.2,30.1,30.0,30.2,30.1,30.1,30.3,30.2,30.1,30.2,30.2,30.0,30.1,30.1,30.2,30.1,30.3,30.2,30.1,30.3,30.3,30.4,30.3,30.2,30.3,30.2,30.2,30.2,30.5,30.4,30.2,30.2,30.2,30.3,30.2,30.4,30.5,30.3,30.3,30.3,30.3,30.5,30.3,30.4,30.3,30.2,30.5,30.2,30.3,30.4,30.5,31.0,31.7,32.8,33.2,33.3,33.1,33.5,33.2,33.5,33.6,33.4,33.5,33.3,33.4,33.5,33.3,33.2,33.3,33.2,33.0,32.9,32.6,32.6,32.4,32.3,32.1,32.0,31.7,31.5,30.9,30.3,29.8,29.6,29.6,29.4,29.4,29.4,29.5,29.4,29.4,29.3,29.2,29.1,29.4,29.2,29.2,29.4,29.4,29.2,29.2,29.1,29.4,29.2,29.2,29.3,29.3,29.2,29.1,29.2,29.1,29.0,29.2,29.0,29.2,29.1,29.2,29.1,29.0,29.2,29.2,29.1,29.2,29.0,29.1,29.0,28.9,29.1,28.9,29.1,29.0,28.9,29.0,29.0,28.9,28.8,28.9,28.9,29.0,28.9,28.8,29.1,28.9,28.8,28.8,28.8,28.8,28.7,28.9,28.8,28.8,28.9,28.8,28.7,28.9,28.9,28.8,29.0,28.6,28.8,28.7,28.6,28.7,28.7,28.6,28.5,28.6,28.7,28.7,28.7,28.6,28.6,28.7,28.6,28.7,28.6,28.8
221,30.2,30.3,30.2,30.3,30.3,30.2,30.2,30.2,30.1,30.1,30.1,30.2,30.0,30.1,30.2,30.2,30.2,30.3,30.2,30.2,30.2,30.1,30.4,30.2,30.2,30.1,30.2,30.1,30.3,30.2,30.3,30.3,30.2,30.3,30.2,30.2,30.2,30.2,30.4,30.2,30.3,30.4,30.3,30.2,30.2,30.2,30.3,30.2,30.2,30.1,30.2,30.3,30.2,30.3,30.3,30.3,30.3,30.2,30.4,30.3,30.3,30.3,30.3,30.3,30.4,30.7,30.9,31.6,32.5,33.1,33.1,33.3,33.3,33.3,33.2,33.2,33.2,33.3,33.2,33.3,33.2,33.2,33.1,33.1,33.0,32.9,32.8,32.7,32.5,32.3,32.1,31.9,31.9,31.6,31.4,30.9,30.4,30.0,29.5,29.5,29.4,29.5,29.4,29.4,29.5,29.2,29.4,29.5,29.3,29.3,29.4,29.2,29.2,29.2,29.2,29.1,29.2,29.3,29.2,29.1,29.2,29.2,29.1,29.0,29.2,29.0,29.0,29.1,29.0,29.0,29.1,29.0,29.0,29.2,29.2,28.9,29.0,29.1,29.1,29.0,29.0,28.9,29.1,28.8,29.1,28.9,29.0,29.0,29.0,28.8,28.9,28.9,28.9,28.9,28.9,29.0,28.9,28.9,28.9,28.9,28.8,28.8,28.9,28.6,28.8,28.8,28.8,28.8,29.0,28.8,28.9,28.8,28.7,28.7,28.9,28.7,28.8,28.8,28.9,28.8,28.6,28.8,28.8,28.8,28.7,28.6,28.8,28.8,28.6,28.9,28.5,28.7
222,30.3,30.2,30.3,30.1,30.2,30.1,30.2,30.2,30.1,30.2,29.9,30.0,30.1,30.2,30.1,30.2,30.1,30.1,30.4,30.2,30.1,30.1,30.2,30.1,30.2,30.2,30.1,30.3,30.0,30.2,30.2,30.2,30.2,30.3,30.2,30.3,30.2,30.2,30.2,30.2,30.4,30.3,30.2,30.3,30.5,30.2,30.2,30.4,30.3,30.2,30.2,30.2,30.2,30.2,30.3,30.3,30.3,30.2,30.3,30.1,30.2,30.2,30.2,30.2,30.2,30.4,30.8,31.5,32.3,33.0,33.3,33.0,33.1,33.1,33.0,33.1,33.1,33.0,33.1,33.1,33.1,33.1,32.9,32.8,32.6,32.5,32.7,32.3,32.4,32.3,31.9,31.8,31.7,31.5,31.1,30.9,30.2,29.8,29.4,29.4,29.3,29.2,29.4,29.3,29.4,29.2,29.3,29.3,29.2,29.2,29.3,29.2,29.2,29.2,29.2,29.0,29.3,29.1,29.1,29.2,29.2,29.1,29.1,29.2,29.1,29.1,29.1,29.1,29.1,29.1,29.1,29.0,29.1,29.1,29.0,29.2,29.1,29.0,29.0,29.0,29.1,28.8,29.0,28.9,29.0,28.8,28.9,28.9,29.0,28.8,28.9,28.9,28.8,28.9,28.8,29.0,28.9,28.8,29.0,28.7,28.7,28.8,28.8,28.8,28.8,28.6,28.9,28.9,28.9,28.9,28.7,28.9,28.8,28.9,28.8,28.8,28.7,28.7,28.6,28.8,28.7,28.8,28.6,28.6,28.8,28.6,28.7,28.8,28.6,28.7,28.6,28.6
223,30.2,30.2,30.2,30.1,30.2,30.2,30.3,30.3,30.1,30.2,30.1,29.9,30.1,30.0,30.2,30.2,30.2,30.2,30.4,30.3,30.0,30.1,30.1,30.2,30.2,30.2,30.0,30.2,30.2,30.1,30.2,30.1,30.1,30.1,30.0,30.2,30.2,30.2,30.3,30.0,30.2,30.2,30.3,30.1,30.1,30.3,30.2,30.0,30.1,30.0,30.2,30.2,30.1,30.2,30.2,30.2,30.2,30.1,30.2,30.2,30.0,30.0,30.3,30.1,30.2,30.3,30.7,31.3,32.0,32.6,32.8,32.8,32.9,32.9,33.0,33.0,32.9,33.0,32.9,32.9,32.8,32.7,32.7,32.8,32.5,32.4,32.5,32.3,32.2,32.0,31.7,31.7,31.2,31.2,31.0,30.6,30.1,29.6,29.4,29.2,29.2,29.2,29.3,29.3,29.2,29.3,29.1,29.1,29.1,29.1,29.2,29.2,29.2,29.0,29.1,29.1,29.1,29.0,29.0,29.1,29.1,29.1,29.2,29.0,29.1,29.3,29.2,29.0,29.0,29.2,29.1,29.1,29.2,29.0,29.0,28.9,29.0,28.8,29.0,28.9,29.0,28.9,29.0,28.8,29.1,29.0,28.8,28.9,28.7,29.0,28.8,28.8,29.0,28.8,28.8,28.7,28.8,28.8,28.8,28.8,28.8,28.7,28.7,28.8,28.8,28.9,28.7,28.6,28.6,28.7,28.8,28.7,28.7,28.9,28.6,28.7,28.6,28.8,28.6,28.7,28.8,28.7,28.7,28.8,28.6,28.6,28.8,28.8,28.5,28.7,28.5,28.6
224,30.3,30.0,30.2,30.2,30.3,30.3,30.0,30.1,30.2,30.2,30.2,30.1,30.0,30.2,30.1,30.0,30.2,30.1,30.2,30.2,30.4,30.1,30.1,30.0,30.1,30.1,30.3,30.2,30.2,30.1,30.2,30.0,30.2,30.2,30.2,30.2,30.0,30.1,30.2,30.0,30.1,30.2,30.1,30.2,30.1,30.3,30.1,30.0,30.2,30.1,30.1,30.3,30.1,30.0,30.1,30.0,30.1,30.1,30.1,30.1,30.0,30.0,30.2,30.2,30.1,30.1,30.5,30.9,31.6,32.4,32.5,32.6,32.6,32.8,32.7,32.7,32.8,32.8,32.6,32.8,32.7,32.6,32.5,32.7,32.5,32.4,32.2,31.9,32.0,31.6,31.6,31.5,31.2,31.3,31.0,30.2,29.9,29.6,29.4,29.4,29.4,29.3,29.3,29.2,29.1,29.1,29.2,29.1,29.1,29.3,29.2,29.2,29.2,29.2,29.1,29.1,29.1,29.0,29.1,29.2,29.1,29.1,29.0,29.2,29.1,29.0,29.1,29.0,29.0,29.1,29.0,29.0,28.9,28.9,29.0,29.0,28.9,28.9,29.1,28.9,29.0,28.8,28.9,28.8,28.8,28.8,28.9,28.8,28.8,29.0,29.0,28.8,28.9,29.0,28.9,28.7,28.8,28.9,28.9,28.9,28.8,28.8,28.8,28.9,28.7,28.9,29.0,28.8,28.9,28.8,28.9,28.8,28.6,28.8,28.8,28.6,28.9,28.6,28.7,28.7,28.8,28.8,28.9,28.6,28.6,28.8,28.8,28.8,28.7,28.8,28.6,28.6
225,30.2,30.1,30.2,30.2,30.2,30.0,29.9,30.0,30.0,30.0,30.1,30.0,29.9,30.1,30.0,30.1,30.2,30.1,30.1,30.0,30.0,30.1,29.9,30.0,30.2,29.9,30.1,30.1,30.1,30.2,30.1,30.0,30.1,30.1,30.0,30.2,30.2,30.0,30.2,30.1,30.0,30.1,30.2,30.2,30.1,30.1,30.1,30.0,30.0,29.8,30.0,30.1,30.0,30.0,30.0,30.0,30.0,29.9,30.1,30.0,30.0,30.0,30.0,29.8,30.0,30.2,30.2,30.7,31.2,31.6,32.1,32.4,32.5,32.4,32.5,32.6,32.5,32.5,32.6,32.5,32.6,32.5,32.6,32.4,32.2,32.2,32.0,31.9,32.0,31.6,31.4,31.2,31.1,31.0,30.5,30.1,29.6,29.5,29.1,29.1,29.3,29.1,29.3,29.2,29.1,29.1,29.2,29.1,29.1,29.0,29.3,29.1,29.1,29.0,29.0,29.0,29.2,28.9,29.0,29.0,29.0,29.1,29.0,29.0,29.0,28.9,28.9,29.1,29.0,28.8,28.9,29.0,28.8,28.9,28.8,29.0,29.0,28.9,28.9,29.0,28.8,28.7,29.0,28.9,28.8,28.8,28.9,28.8,28.7,28.9,28.8,29.0,28.8,28.8,29.0,28.9,28.8,28.8,28.7,28.8,28.9,28.7,28.8,28.7,28.8,28.7,28.8,28.9,28.9,28.8,28.8,28.8,28.8,28.8,28.8,28.7,28.7,28.8,28.7,28.8,28.6,28.8,28.7,28.7,28.6,28.7,28.6,28.6,28.8,28.8,28.6,28.8
226,30.0,30.0,30.0,30.1,30.0,30.0,30.1,30.0,29.9,30.0,30.0,30.1,29.9,30.0,30.1,30.0,29.9,29.9,29.9,30.0,30.0,30.0,29.9,30.0,29.7,29.9,29.9,30.2,30.2,30.0,30.1,30.2,30.1,30.0,30.1,30.0,30.0,29.9,30.0,30.1,30.1,30.1,30.1,30.2,30.1,30.1,30.0,30.1,30.0,29.9,30.0,30.2,30.1,29.9,30.1,30.0,29.9,29.8,30.0,29.9,29.9,30.0,29.9,29.8,29.8,29.9,30.1,30.4,30.7,30.9,31.4,31.7,31.9,32.0,31.9,32.2,32.3,32.3,32.5,32.5,32.5,32.4,32.2,32.2,32.3,32.0,31.9,31.7,31.4,31.5,31.3,31.2,30.9,30.7,30.4,29.9,29.5,29.5,29.3,29.1,29.1,29.3,29.1,29.2,28.9,29.1,29.0,29.0,29.0,29.0,29.1,29.0,29.0,29.0,29.0,29.0,29.1,29.0,29.0,29.0,29.0,29.0,29.1,28.9,28.9,28.8,29.0,28.9,29.0,28.9,28.8,28.8,28.8,28.8,29.0,28.8,28.9,28.8,28.9,28.9,28.8,29.0,29.0,28.8,28.8,28.8,28.7,28.8,28.8,28.8,28.8,28.7,28.8,28.9,28.8,28.6,28.7,28.7,28.7,28.8,28.6,28.8,28.7,28.8,28.6,28.7,28.6,28.6,28.8,28.7,28.7,28.7,28.7,28.7,28.5,28.7,28.7,28.6,28.6,28.8,28.7,28.7,28.6,28.7,28.8,28.5,28.7,28.5,28.6,28.7,28.6,28.6
227,30.1,30.0,30.1,30.0,30.0,30.0,30.0,30.0,29.9,30.1,30.0,30.2,29.9,29.9,30.0,30.0,29.9,29.9,30.0,30.1,30.0,29.9,29.9,30.0,29.8,30.0,30.0,30.1,29.9,30.0,29.9,30.0,29.9,30.0,29.9,30.0,29.9,29.9,29.9,29.9,29.9,30.0,29.9,29.9,30.0,30.0,30.1,30.0,29.8,29.9,29.8,29.8,29.8,29.9,29.9,30.0,29.8,29.8,29.9,29.8,29.7,29.9,30.0,30.0,30.0,29.8,29.9,30.1,30.3,30.5,30.8,30.9,31.1,31.1,31.5,31.6,32.2,32.4,32.5,32.4,32.3,32.2,32.0,32.1,32.0,31.8,31.7,31.5,31.2,31.2,30.8,30.8,30.6,30.2,30.0,29.7,29.3,29.2,29.2,29.2,29.1,29.0,29.2,29.1,29.2,28.9,28.9,29.0,29.0,29.1,29.0,28.9,29.0,29.0,29.0,29.0,29.0,28.9,29.0,29.0,28.8,28.9,28.8,29.0,28.9,28.8,28.9,29.0,28.8,28.9,28.8,29.0,28.9,28.8,28.9,28.8,28.7,28.9,29.0,28.9,28.8,28.8,28.8,28.8,28.8,28.8,28.8,28.7,28.7,28.7,28.8,28.7,29.0,28.8,28.7,28.8,28.7,28.7,28.9,28.7,28.7,28.7,28.8,28.7,28.7,28.6,28.7,28.7,28.6,28.7,28.7,28.7,28.8,28.8,28.7,28.7,28.9,28.6,28.8,28.7,28.8,28.6,28.6,28.6,28.8,28.5,28.7,28.8,28.6,28.6,28.6,28.6
228,30.0,29.9,29.9,29.8,30.0,30.1,30.0,30.1,30.0,30.0,30.0,29.9,29.9,30.0,30.0,29.9,29.9,30.0,30.0,30.0,30.0,30.0,29.9,30.0,30.0,29.9,29.9,30.0,29.9,30.1,29.9,30.0,29.9,30.0,30.0,30.0,30.0,30.0,30.0,30.0,30.0,29.9,29.9,30.0,29.9,29.8,29.9,29.8,29.9,29.8,29.8,29.7,29.7,29.9,29.9,29.7,29.8,29.8,29.7,29.6,29.7,29.8,29.7,29.8,30.0,29.8,29.6,29.8,30.0,30.2,30.3,30.4,30.6,30.8,30.8,31.3,32.0,32.2,32.3,32.2,32.0,32.0,32.1,31.8,31.8,31.6,31.5,31.1,30.6,30.5,30.4,30.4,29.9,30.0,29.7,29.4,29.2,29.1,29.1,29.1,29.0,29.1,29.1,29.1,29.0,29.1,28.9,29.0,28.8,28.9,28.9,28.9,29.1,28.9,28.9,28.8,28.9,29.0,28.9,28.9,28.8,29.0,28.9,28.8,28.8,28.8,28.9,28.8,28.7,28.8,28.9,28.8,28.9,28.9,28.8,28.7,28.7,29.1,28.9,28.7,28.8,28.7,28.8,28.8,28.7,28.8,28.6,28.7,28.6,28.8,28.8,28.7,28.7,28.7,28.8,28.9,28.8,28.9,28.8,28.8,28.7,28.8,28.7,28.7,28.6,28.8,28.8,28.6,28.8,28.7,28.7,28.7,28.7,28.8,28.7,28.8,28.6,28.6,28.7,28.7,28.6,28.5,28.7,28.8,28.6,28.7,28.9,28.5,28.6,28.6,28.5,28.6
229,30.0,30.0,29.8,30.0,29.9,29.9,30.1,30.1,29.8,29.8,30.1,30.0,29.8,30.0,29.9,30.0,29.8,29.9,30.2,29.8,30.1,30.1,29.9,30.0,29.9,29.9,29.9,29.9,30.0,29.8,30.0,29.9,29.8,30.0,30.1,30.1,30.0,29.9,29.9,29.9,29.9,30.0,29.9,29.9,30.0,30.0,29.9,29.8,29.8,29.8,29.8,29.9,29.8,29.9,29.9,29.8,29.7,29.8,29.6,29.6,29.7,29.7,29.7,29.7,29.7,29.6,29.8,29.8,29.9,29.9,30.0,30.0,30.2,30.1,30.6,31.0,31.8,32.0,32.1,32.1,32.0,31.9,31.9,31.9,31.8,31.6,31.4,30.9,30.2,30.1,30.0,29.8,29.7,29.5,29.4,29.3,29.1,29.2,29.1,29.0,29.0,29.0,29.1,28.9,28.9,29.1,29.0,29.0,29.0,28.8,29.0,28.9,28.9,28.9,28.8,28.9,29.1,28.8,28.9,28.8,28.9,28.8,28.8,28.9,28.7,28.8,28.9,29.0,28.8,28.9,29.0,28.9,28.7,28.8,28.9,28.8,28.8,28.7,28.7,28.8,28.7,28.8,28.8,28.5,28.6,28.8,28.8,28.8,28.7,28.7,28.6,28.7,28.8,28.8,28.7,28.6,28.6,28.7,28.7,28.7,28.6,28.6,28.7,28.7,28.6,28.7,28.5,28.7,28.8,28.6,28.6,28.7,28.8,28.5,28.6,28.6,28.9,28.6,28.7,28.8,28.6,28.6,28.8,28.6,28.6,28.7,28.7,28.7,28.5,28.7,28.6,28.5
230,30.0,30.1,29.7,29.9,30.0,30.0,30.0,29.8,29.8,30.0,30.0,29.9,30.0,30.1,30.0,29.9,29.9,30.0,30.0,29.9,30.0,30.1,30.0,30.0,29.8,29.9,30.0,29.8,29.9,29.8,29.8,29.9,29.8,29.9,29.9,30.0,30.0,29.9,29.8,29.9,29.8,29.7,30.0,30.0,29.8,29.9,29.8,29.7,29.8,29.7,29.7,29.7,29.6,29.7,29.7,29.7,29.7,29.7,29.6,29.5,29.7,29.6,29.6,29.6,29.5,29.6,29.5,29.6,29.4,29.5,29.8,29.8,29.7,29.8,30.1,30.8,31.5,31.9,32.0,32.1,31.9,31.6,31.7,31.7,31.7,31.3,31.1,30.5,29.9,29.6,29.6,29.6,29.3,29.2,29.2,29.1,29.1,29.0,28.9,29.0,28.8,28.7,29.0,29.0,28.9,28.9,28.8,28.9,29.0,28.8,28.8,28.7,28.8,28.9,28.8,28.8,28.6,28.8,28.7,28.7,28.8,28.8,28.8,28.7,28.8,28.8,28.8,28.9,28.9,28.6,28.6,28.8,28.8,28.7,28.6,28.8,28.7,28.8,28.8,28.6,28.6,28.6,28.8,28.8,28.8,28.8,28.7,28.7,28.7,28.6,28.7,28.7,28.6,28.7,28.7,28.5,28.7,28.7,28.8,28.8,28.6,28.8,28.8,28.7,28.7,28.6,28.6,28.6,28.8,28.7,28.6,28.8,28.6,28.5,28.5,28.6,28.7,28.7,28.6,28.6,28.8,28.5,28.6,28.8,28.5,28.6,28.6,28.6,28.6,28.7,28.6,28.7
231,29.9,30.0,29.8,29.9,29.8,29.8,29.9,29.9,30.0,29.9,29.9,29.9,30.0,30.0,29.8,29.8,29.8,30.1,30.0,29.7,29.8,29.8,30.0,29.8,29.9,29.8,29.9,30.0,29.9,29.8,29.9,29.7,29.7,29.9,29.9,29.9,29.7,29.7,29.8,29.8,29.7,29.8,29.9,29.9,29.8,29.8,29.6,29.9,29.8,29.7,29.8,29.7,29.6,29.7,29.6,29.6,29.6,29.6,29.4,29.4,29.6,29.5,29.5,29.6,29.5,29.5,29.2,29.5,29.4,29.5,29.5,29.5,29.5,29.6,29.9,30.7,31.6,31.9,31.7,32.0,31.8,31.7,31.5,31.6,31.4,31.2,31.0,30.1,29.6,29.5,29.4,29.1,29.0,29.2,29.1,28.9,28.8,28.9,29.0,28.9,28.8,28.9,28.8,28.8,28.8,28.7,29.0,28.8,28.8,28.9,28.6,28.7,29.0,28.8,28.7,28.8,28.7,28.7,28.8,28.7,28.7,28.8,28.8,28.7,28.6,28.6,28.7,28.8,28.9,28.7,28.7,28.8,28.9,28.7,28.5,28.8,28.8,28.7,28.7,28.8,28.8,28.7,28.8,28.7,28.6,28.6,28.7,28.6,28.7,28.6,28.5,28.7,28.6,28.6,28.7,28.5,28.5,28.7,28.7,28.6,28.7,28.6,28.7,28.7,28.6,28.6,28.6,28.6,28.6,28.6,28.5,28.6,28.8,28.5,28.6,28.6,28.6,28.6,28.6,28.5,28.5,28.6,28.4,28.6,28.5,28.7,28.8,28.6,28.6,28.6,28.6,28.6
232,29.8,29.9,30.0,29.9,29.9,30.0,30.0,29.8,29.8,29.8,29.9,29.7,30.0,29.8,29.9,30.0,29.7,29.8,29.8,29.8,29.8,29.8,30.0,30.0,30.0,29.8,29.8,29.9,30.0,29.8,29.8,30.0,29.8,29.9,30.0,29.9,30.0,29.9,29.7,29.9,29.7,29.8,29.9,29.9,29.8,29.7,29.6,29.7,29.8,29.7,29.7,29.9,29.6,29.6,29.6,29.8,29.8,29.4,29.7,29.6,29.5,29.6,29.4,29.6,29.4,29.6,29.5,29.5,29.5,29.5,29.6,29.4,29.5,29.5,29.9,30.8,31.5,31.8,31.9,31.8,31.5,31.6,31.5,31.3,31.3,30.9,30.7,30.0,29.6,29.3,29.3,29.2,29.0,29.0,29.0,29.0,28.9,29.1,29.0,28.8,28.9,28.9,29.0,29.0,28.8,28.9,28.7,28.9,28.8,28.7,28.8,28.7,28.8,28.7,28.7,28.8,28.8,28.8,28.8,28.7,28.7,28.6,28.7,28.9,28.8,28.8,28.6,28.7,28.7,28.8,28.6,28.6,28.7,28.8,28.8,28.7,28.8,28.7,28.7,28.5,28.8,28.6,28.6,28.7,28.7,28.7,28.8,28.7,28.7,28.4,28.5,28.8,28.6,28.7,28.7,28.5,28.7,28.6,28.8,28.8,28.6,28.8,28.7,28.7,28.6,28.7,28.7,28.8,28.7,28.7,28.6,28.5,28.7,28.7,28.6,28.5,28.8,28.6,28.5,28.5,28.7,28.6,28.7,28.5,28.7,28.6,28.6,28.6,28.4,28.6,28.5,28.6
233,29.9,29.9,30.0,29.8,29.8,29.9,29.8,29.9,30.0,29.8,30.0,29.9,30.0,29.8,29.8,29.9,29.9,29.8,30.0,29.8,29.8,29.9,29.8,29.7,29.7,29.8,29.6,29.8,29.8,29.7,29.8,29.7,29.6,29.7,29.7,29.8,29.7,29.8,29.8,29.7,29.8,29.8,29.6,29.6,29.7,29.8,29.6,29.6,29.6,29.6,29.7,29.6,29.5,29.6,29.4,29.6,29.6,29.5,29.4,29.5,29.6,29.5,29.5,29.4,29.6,29.5,29.3,29.3,29.2,29.2,29.4,29.4,29.6,29.4,29.8,30.6,31.4,31.6,31.8,31.6,31.5,31.4,31.2,31.3,31.2,31.0,30.5,29.8,29.3,29.2,29.1,29.0,29.0,29.0,29.0,28.8,28.7,29.1,28.7,28.8,28.8,28.9,28.8,28.8,28.9,28.6,28.7,28.7,28.7,28.8,28.8,28.8,28.7,28.8,28.6,28.9,28.8,28.7,28.7,28.8,28.7,28.7,28.8,28.7,28.8,28.7,28.8,28.7,28.6,28.5,28.6,28.8,28.8,28.8,28.8,28.7,28.7,28.6,28.8,28.7,28.8,28.6,28.9,28.6,28.6,28.7,28.6,28.6,28.6,28.6,28.6,28.6,28.6,28.7,28.7,28.6,28.7,28.6,28.6,28.7,28.6,28.6,28.4,28.6,28.6,28.6,28.6,28.8,28.6,28.5,28.5,28.7,28.6,28.4,28.5,28.5,28.7,28.6,28.5,28.6,28.6,28.7,28.5,28.7,28.7,28.6,28.7,28.7,28.7,28.6,28.7,28.6
234,29.9,29.9,30.0,29.8,29.9,29.7,29.8,29.9,29.7,29.8,29.8,29.9,29.8,29.9,29.7,29.9,29.8,29.8,29.9,29.7,29.6,29.8,29.8,29.8,29.8,29.8,29.7,29.9,29.9,29.6,29.7,29.9,29.8,29.8,29.7,29.8,29.7,29.6,29.8,29.6,29.6,29.9,29.8,29.5,29.6,29.6,29.5,29.8,29.6,29.5,29.6,29.7,29.5,29.4,29.6,29.6,29.4,29.5,29.6,29.5,29.5,29.4,29.3,29.4,29.2,29.3,29.4,29.4,29.2,29.3,29.4,29.3,29.4,29.5,29.7,30.4,31.2,31.5,31.6,31.5,31.5,31.2,31.2,31.1,30.9,30.7,30.2,29.6,29.2,29.0,29.0,29.2,28.9,28.9,29.0,29.0,29.0,29.0,28.9,28.9,28.8,28.8,28.8,28.8,28.7,28.9,28.7,28.8,28.8,28.8,28.8,28.7,28.7,28.6,28.6,28.7,28.6,28.5,28.5,28.7,28.6,28.8,28.6,28.7,28.6,28.7,28.5,28.7,28.6,28.7,28.7,28.6,28.7,28.6,28.7,28.6,28.8,28.8,28.8,28.7,28.5,28.6,28.8,28.6,28.6,28.7,28.6,28.6,28.6,28.5,28.5,28.6,28.5,28.6,28.6,28.5,28.6,28.6,28.7,28.6,28.5,28.6,28.5,28.7,28.6,28.6,28.5,28.4,28.6,28.7,28.7,28.5,28.6,28.5,28.6,28.5,28.7,28.6,28.4,28.7,28.6,28.5,28.6,28.5,28.5,28.4,28.6,28.8,28.5,28.6,28.5,28.7
235,30.0,30.0,29.9,29.9,29.8,29.9,29.9,29.8,29.9,29.8,30.0,29.9,29.8,29.8,29.9,29.8,29.8,29.7,29.8,29.8,29.9,29.8,29.8,29.7,30.0,29.8,29.7,29.7,29.6,29.6,29.7,29.8,29.7,29.8,29.8,29.8,29.8,29.5,29.8,29.7,29.7,29.7,29.9,29.8,29.5,29.6,29.7,29.6,29.8,29.6,29.5,29.6,29.2,29.6,29.4,29.5,29.3,29.4,29.4,29.2,29.4,29.4,29.4,29.1,29.4,29.3,29.3,29.4,29.2,29.2,29.3,29.2,29.2,29.5,29.5,30.1,30.7,31.3,31.5,31.4,31.3,31.1,31.1,31.1,30.7,30.4,29.9,29.5,29.1,29.1,29.0,28.8,29.0,29.0,29.0,28.8,28.9,29.0,28.8,28.8,28.8,28.9,28.9,28.8,28.9,28.8,28.7,28.7,28.6,28.9,28.7,28.8,28.7,28.8,28.5,28.6,28.7,28.8,28.5,28.7,28.7,28.6,28.6,28.9,28.6,28.7,28.6,28.7,28.8,28.5,28.7,28.5,28.6,28.6,28.7,28.7,28.4,28.6,28.6,28.7,28.6,28.6,28.7,28.6,28.5,28.6,28.6,28.7,28.6,28.6,28.6,28.6,28.7,28.7,28.6,28.5,28.7,28.8,28.6,28.5,28.6,28.6,28.5,28.6,28.7,28.7,28.6,28.7,28.7,28.7,28.6,28.8,28.6,28.7,28.7,28.7,28.6,28.7,28.4,28.7,28.6,28.6,28.7,28.5,28.6,28.8,28.6,28.6,28.5,28.6,28.5,28.5
236,30.0,29.9,29.9,29.7,29.8,29.9,29.9,29.9,29.8,29.9,29.8,29.7,29.8,29.9,29.8,29.8,29.7,29.8,30.0,29.8,29.7,29.6,29.8,29.9,29.8,29.9,29.8,29.8,29.8,29.8,29.8,29.8,29.6,29.7,29.9,29.8,29.6,29.6,29.6,29.6,29.5,29.6,29.7,29.6,29.6,29.6,29.7,29.5,29.4,29.4,29.4,29.5,29.4,29.4,29.4,29.4,29.4,29.2,29.3,29.2,29.4,29.2,29.3,29.3,29.2,29.1,29.1,29.4,29.2,29.2,29.2,29.3,29.4,29.4,29.4,29.9,30.8,31.3,31.5,31.4,31.5,31.3,31.2,31.0,30.8,30.2,29.5,29.4,29.2,29.0,28.8,29.0,28.8,28.9,28.8,28.8,28.9,28.8,28.9,28.6,28.8,28.9,28.7,28.7,28.8,28.7,28.6,28.7,28.7,28.6,28.7,28.7,28.7,28.7,28.6,28.8,28.7,28.7,28.6,28.5,28.5,28.5,28.7,28.5,28.7,28.6,28.5,28.7,28.6,28.7,28.5,28.7,28.6,28.6,28.5,28.7,28.5,28.6,28.8,28.6,28.5,28.6,28.6,28.6,28.5,28.6,28.7,28.5,28.6,28.7,28.6,28.6,28.5,28.6,28.6,28.4,28.6,28.7,28.7,28.5,28.5,28.5,28.6,28.7,28.6,28.6,28.6,28.6,28.6,28.5,28.6,28.5,28.6,28.6,28.6,28.6,28.7,28.7,28.6,28.6,28.7,28.7,28.5,28.6,28.6,28.6,28.5,28.6,28.6,28.7,28.7,28.8
237,29.9,29.9,29.9,29.8,29.8,29.8,29.8,30.0,29.7,29.8,29.8,29.7,29.6,29.9,29.7,29.9,29.9,29.7,29.6,29.8,29.8,29.7,29.8,29.8,29.8,29.8,29.7,29.9,29.7,29.6,29.8,29.7,29.7,29.5,29.7,29.6,29.7,29.6,29.5,29.6,29.7,29.6,29.7,29.5,29.4,29.5,29.7,29.3,29.5,29.4,29.4,29.5,29.4,29.5,29.4,29.2,29.2,29.4,29.4,29.4,29.1,29.5,29.3,29.3,29.4,29.2,29.2,29.3,29.4,29.3,29.2,29.1,29.2,29.1,29.5,29.7,30.4,31.3,31.5,31.4,31.3,31.3,31.1,31.0,30.4,29.8,29.2,29.2,29.1,29.1,28.9,29.2,29.0,28.8,28.9,28.7,28.9,28.8,28.8,28.6,28.7,28.8,28.8,28.7,28.9,28.8,28.6,28.8,28.6,28.7,28.8,28.8,28.6,28.7,28.7,28.7,28.8,28.6,28.7,28.6,28.7,28.7,28.8,28.7,28.6,28.5,28.7,28.7,28.8,28.4,28.8,28.5,28.6,28.7,28.6,28.7,28.6,28.6,28.6,28.6,28.6,28.5,28.7,28.5,28.6,28.6,28.6,28.4,28.6,28.6,28.6,28.6,28.7,28.6,28.5,28.6,28.5,28.5,28.6,28.7,28.7,28.6,28.6,28.5,28.5,28.7,28.6,28.6,28.6,28.6,28.6,28.5,28.6,28.6,28.5,28.6,28.7,28.7,28.5,28.6,28.7,28.4,28.7,28.6,28.6,28.5,28.4,28.7,28.7,28.8,28.6,28.6
238,29.8,29.9,29.8,29.8,29.8,29.9,30.0,29.9,29.8,29.7,29.7,29.9,29.8,29.9,29.8,29.8,29.6,29.8,29.8,29.6,29.7,29.7,29.6,29.7,29.8,29.6,29.5,29.7,29.8,29.6,29.8,29.6,29.6,29.5,29.6,29.6,29.5,29.7,29.8,29.5,29.7,29.7,29.7,29.5,29.6,29.7,29.6,29.4,29.5,29.3,29.3,29.4,29.3,29.4,29.4,29.4,29.3,29.2,29.2,29.4,29.2,29.2,29.2,29.1,29.2,29.1,29.1,29.4,29.2,29.2,29.1,29.2,29.2,29.2,29.4,29.7,30.4,31.2,31.4,31.5,31.6,31.1,31.1,30.8,30.0,29.5,29.3,29.0,29.1,28.9,28.9,28.8,28.9,28.9,28.8,28.8,28.8,28.7,28.8,28.6,28.6,28.7,28.8,28.6,28.8,28.6,28.6,28.6,28.6,28.5,28.6,28.7,28.6,28.5,28.4,28.5,28.6,28.7,28.7,28.7,28.6,28.5,28.6,28.7,28.5,28.5,28.5,28.5,28.6,28.6,28.5,28.6,28.7,28.6,28.7,28.5,28.6,28.6,28.6,28.7,28.6,28.6,28.4,28.4,28.6,28.4,28.4,28.4,28.6,28.6,28.5,28.5,28.6,28.6,28.6,28.6,28.6,28.5,28.6,28.6,28.6,28.5,28.6,28.6,28.6,28.4,28.6,28.6,28.5,28.6,28.4,28.6,28.5,28.6,28.6,28.5,28.6,28.8,28.6,28.6,28.7,28.7,28.6,28.6,28.5,28.5,28.6,28.6,28.5,28.6,28.4,28.5
239,29.9,29.7,29.8,29.8,29.7,29.8,29.9,29.9,29.7,29.8,29.6,29.8,29.7,29.7,29.6,29.9,29.8,29.8,29.9,29.8,29.6,29.8,29.6,29.8,29.6,29.6,29.6,29.7,29.7,29.5,29.7,29.7,29.6,29.5,29.5,29.7,29.6,29.5,29.6,29.6,29.5,29.5,29.5,29.5,29.4,29.6,29.5,29.2,29.4,29.4,29.4,29.5,29.2,29.4,29.3,29.3,29.2,29.2,29.2,29.2,29.2,29.2,29.2,29.0,29.2,29.1,29.2,29.0,29.1,29.0,29.2,29.2,29.2,29.1,29.3,29.7,30.8,31.2,31.4,31.3,31.3,31.2,30.9,30.6,29.7,29.2,29.0,29.1,28.9,28.8,28.8,28.8,29.0,28.8,28.7,28.8,28.7,28.8,28.8,28.6,28.6,28.6,28.7,28.5,28.7,28.7,28.6,28.6,28.6,28.6,28.8,28.6,28.5,28.6,28.6,28.6,28.5,28.6,28.4,28.6,28.5,28.5,28.6,28.6,28.6,28.4,28.4,28.6,28.6,28.5,28.4,28.5,28.4,28.5,28.6,28.4,28.5,28.6,28.6,28.6,28.6,28.5,28.7,28.4,28.5,28.6,28.4,28.4,28.5,28.4,28.3,28.4,28.5,28.4,28.7,28.4,28.6,28.6,28.6,28.5,28.6,28.4,28.5,28.6,28.6,28.6,28.4,28.5,28.7,28.6,28.6,28.6,28.6,28.7,28.5,28.7,28.4,28.8,28.8,28.6,28.6,28.4,28.6,28.6,28.7,28.4,28.6,28.6,28.6,28.6,28.4,28.6
240,29.8,30.0,29.7,30.0,29.6,29.8,29.8,29.8,29.7,29.8,29.6,29.7,29.7,29.7,29.8,29.6,29.8,29.8,29.7,29.7,29.6,29.6,29.5,29.8,29.7,29.6,29.5,29.6,29.7,29.6,29.6,29.6,29.6,29.7,29.6,29.6,29.5,29.7,29.4,29.5,29.6,29.5,29.5,29.5,29.4,29.4,29.2,29.2,29.2,29.4,29.2,29.3,29.2,29.2,29.1,29.0,29.1,29.1,29.0,29.0,29.2,29.3,29.2,29.1,29.1,29.0,29.0,29.1,29.0,29.1,29.0,29.1,29.2,29.0,29.2,29.6,30.8,31.2,31.3,31.3,31.2,31.1,30.8,30.3,29.4,29.1,29.0,28.9,29.0,28.9,29.0,28.9,28.8,28.8,28.6,28.7,28.8,28.9,28.9,28.7,28.7,28.6,28.7,28.7,28.6,28.7,28.6,28.6,28.7,28.7,28.6,28.7,28.6,28.6,28.4,28.6,28.5,28.6,28.5,28.6,28.5,28.6,28.4,28.6,28.4,28.4,28.4,28.5,28.5,28.6,28.4,28.5,28.3,28.5,28.4,28.5,28.6,28.5,28.5,28.5,28.5,28.4,28.6,28.3,28.5,28.6,28.6,28.7,28.4,28.5,28.6,28.7,28.4,28.5,28.4,28.6,28.6,28.6,28.4,28.6,28.5,28.4,28.5,28.4,28.5,28.6,28.5,28.6,28.5,28.5,28.6,28.6,28.4,28.6,28.5,28.6,28.5,28.5,28.5,28.5,28.5,28.6,28.6,28.7,28.5,28.5,28.6,28.6,28.6,28.7,28.6,28.5
241,29.8,29.8,29.7,29.7,29.8,29.7,29.7,29.6,29.7,29.7,29.6,29.8,29.7,29.6,29.7,29.7,29.7,29.6,29.6,29.6,29.8,29.8,29.6,29.6,29.6,29.6,29.4,29.7,29.7,29.8,29.4,29.5,29.7,29.5,29.4,29.6,29.6,29.6,29.5,29.4,29.6,29.6,29.5,29.4,29.4,29.4,29.3,29.4,29.4,29.3,29.3,29.2,29.1,29.2,29.3,29.1,29.3,29.1,29.2,29.0,29.2,29.1,28.9,29.0,29.1,29.0,29.0,29.1,29.0,29.1,29.0,29.0,28.9,29.1,29.4,29.9,30.9,31.2,31.2,31.2,31.1,30.9,30.5,30.0,29.3,28.9,28.8,28.9,28.9,29.0,28.8,28.8,28.7,28.7,28.8,29.0,28.7,28.8,28.7,28.6,28.7,28.6,28.6,28.7,28.6,28.6,28.4,28.6,28.6,28.6,28.6,28.6,28.5,28.6,28.6,28.5,28.7,28.6,28.4,28.5,28.5,28.4,28.7,28.6,28.4,28.3,28.5,28.3,28.4,28.6,28.6,28.4,28.4,28.4,28.5,28.4,28.5,28.5,28.4,28.4,28.5,28.5,28.7,28.5,28.6,28.5,28.6,28.6,28.5,28.5,28.5,28.6,28.4,28.6,28.5,28.4,28.6,28.5,28.6,28.4,28.4,28.4,28.5,28.5,28.5,28.4,28.4,28.6,28.6,28.6,28.5,28.4,28.6,28.4,28.5,28.6,28.6,28.6,28.5,28.5,28.5,28.6,28.6,28.5,28.5,28.6,28.4,28.6,28.6,28.6,28.4,28.6
242,29.8,29.7,29.8,29.8,29.6,29.6,29.8,29.6,29.6,29.7,29.7,29.7,29.6,29.7,29.9,29.7,29.6,29.7,29.6,29.8,29.6,29.5,29.6,29.8,29.7,29.5,29.6,29.7,29.6,29.6,29.4,29.6,29.6,29.7,29.7,29.6,29.5,29.6,29.5,29.5,29.5,29.4,29.4,29.4,29.6,29.4,29.5,29.0,29.4,29.4,29.2,29.2,29.2,29.1,29.3,29.1,29.1,29.3,29.0,29.0,29.0,29.1,29.2,29.1,29.2,29.0,29.0,29.0,29.1,28.9,29.0,29.0,29.0,29.0,29.4,30.4,30.8,31.1,31.1,31.1,31.0,30.8,30.4,29.7,29.2,29.1,28.9,28.7,28.8,28.6,28.8,28.8,28.7,28.7,28.8,28.6,28.8,28.8,28.7,28.7,28.6,28.7,28.7,28.6,28.6,28.7,28.5,28.6,28.6,28.6,28.6,28.6,28.5,28.5,28.6,28.5,28.4,28.7,28.5,28.5,28.5,28.6,28.5,28.4,28.6,28.5,28.4,28.3,28.3,28.6,28.4,28.5,28.6,28.5,28.3,28.5,28.5,28.5,28.4,28.4,28.5,28.5,28.6,28.4,28.3,28.5,28.3,28.4,28.5,28.6,28.4,28.5,28.4,28.5,28.5,28.5,28.6,28.5,28.5,28.6,28.4,28.5,28.6,28.4,28.4,28.6,28.5,28.5,28.6,28.6,28.6,28.5,28.5,28.6,28.5,28.6,28.7,28.5,28.6,28.7,28.6,28.6,28.7,28.5,28.6,28.6,28.6,28.5,28.6,28.5,28.6,28.6
243,29.9,29.8,29.7,29.7,29.7,29.5,29.7,29.7,29.6,29.6,29.6,29.8,29.5,29.7,29.6,29.7,29.7,29.7,29.5,29.7,29.6,29.6,29.6,29.6,29.6,29.6,29.5,29.4,29.6,29.7,29.5,29.4,29.6,29.5,29.4,29.5,29.4,29.4,29.4,29.4,29.5,29.2,29.3,29.4,29.3,29.4,29.2,29.2,29.3,29.1,29.2,29.2,29.1,29.1,29.1,29.0,29.1,29.0,29.0,28.9,28.9,29.1,28.8,29.1,29.0,28.9,28.9,29.0,29.0,28.9,29.0,29.0,29.0,29.2,29.6,30.5,31.0,31.0,30.9,30.9,30.7,30.5,30.0,29.4,29.0,28.8,28.9,28.8,28.9,28.9,28.6,28.7,28.8,28.7,28.6,28.7,28.6,28.8,28.6,28.6,28.6,28.7,28.7,28.7,28.4,28.6,28.6,28.5,28.7,28.5,28.6,28.7,28.4,28.5,28.6,28.6,28.6,28.6,28.4,28.5,28.6,28.3,28.4,28.3,28.5,28.4,28.6,28.6,28.4,28.4,28.4,28.7,28.3,28.2,28.2,28.5,28.4,28.4,28.3,28.6,28.4,28.5,28.5,28.3,28.3,28.6,28.4,28.5,28.4,28.4,28.3,28.5,28.5,28.6,28.6,28.3,28.5,28.4,28.4,28.3,28.5,28.3,28.5,28.6,28.4,28.6,28.6,28.5,28.6,28.5,28.5,28.6,28.6,28.4,28.6,28.6,28.6,28.6,28.5,28.4,28.4,28.7,28.6,28.6,28.5,28.7,28.8,28.5,28.6,28.5,28.6,28.5
244,29.8,29.7,29.6,29.7,29.6,29.6,29.8,29.6,29.7,29.6,29.6,29.6,29.6,29.6,29.6,29.7,29.7,29.6,29.6,29.4,29.6,29.7,29.6,29.5,29.5,29.7,29.4,29.6,29.6,29.6,29.6,29.6,29.5,29.4,29.6,29.6,29.5,29.3,29.2,29.3,29.5,29.4,29.4,29.2,29.2,29.2,29.3,29.2,29.2,29.1,29.1,29.2,29.2,29.2,29.0,29.0,29.0,29.0,29.0,28.8,29.0,29.0,28.9,29.0,29.0,29.0,28.9,28.9,28.8,29.0,29.0,29.0,29.1,29.4,29.8,30.8,31.0,31.0,31.1,30.8,30.8,30.4,29.8,29.1,29.0,28.8,28.7,28.7,28.7,28.8,28.8,28.8,28.8,28.7,28.7,28.8,28.8,28.6,28.6,28.6,28.7,28.6,28.6,28.8,28.7,28.7,28.5,28.7,28.5,28.5,28.7,28.6,28.6,28.6,28.6,28.6,28.4,28.5,28.6,28.5,28.5,28.6,28.5,28.4,28.5,28.3,28.4,28.3,28.4,28.4,28.3,28.4,28.2,28.4,28.5,28.4,28.5,28.4,28.4,28.5,28.4,28.3,28.6,28.3,28.6,28.5,28.4,28.4,28.5,28.5,28.3,28.4,28.3,28.5,28.5,28.4,28.5,28.5,28.5,28.6,28.5,28.4,28.5,28.4,28.5,28.5,28.5,28.5,28.7,28.5,28.6,28.6,28.5,28.6,28.7,28.5,28.6,28.7,28.6,28.5,28.6,28.4,28.5,28.6,28.5,28.6,28.6,28.6,28.4,28.5,28.4,28.6
245,29.7,29.7,29.7,29.6,29.6,29.8,29.9,29.8,29.6,29.5,29.6,29.6,29.6,29.7,29.6,29.6,29.7,29.6,29.4,29.6,29.6,29.6,29.4,29.4,29.6,29.5,29.4,29.4,29.6,29.6,29.5,29.4,29.6,29.4,29.4,29.4,29.4,29.3,29.4,29.5,29.4,29.3,29.2,29.3,29.4,29.3,29.2,29.2,29.2,29.0,29.0,29.2,29.2,29.2,29.0,28.9,29.0,29.0,28.9,29.0,29.1,29.1,28.9,29.1,29.0,29.0,28.8,29.0,29.0,29.2,28.8,29.1,28.8,29.2,30.3,30.8,30.9,30.8,30.9,30.6,30.6,30.2,29.5,29.0,28.8,28.9,28.8,28.8,28.7,28.7,28.6,28.7,28.6,28.7,28.8,28.7,28.6,28.5,28.6,28.6,28.6,28.4,28.7,28.6,28.6,28.6,28.6,28.5,28.5,28.6,28.5,28.6,28.5,28.4,28.5,28.3,28.5,28.5,28.6,28.4,28.5,28.5,28.6,28.4,28.6,28.4,28.2,28.6,28.3,28.5,28.5,28.6,28.3,28.4,28.3,28.4,28.5,28.4,28.6,28.2,28.4,28.4,28.5,28.3,28.4,28.6,28.3,28.5,28.5,28.5,28.4,28.5,28.3,28.6,28.5,28.3,28.5,28.5,28.4,28.4,28.5,28.6,28.6,28.7,28.5,28.5,28.6,28.3,28.6,28.5,28.6,28.4,28.5,28.6,28.6,28.4,28.6,28.6,28.6,28.6,28.5,28.5,28.5,28.7,28.6,28.5,28.5,28.7,28.7,28.6,28.5,28.6
246,29.8,29.8,29.6,29.7,29.8,29.5,29.6,29.7,29.5,29.6,29.5,29.7,29.5,29.6,29.6,29.7,29.6,29.7,29.6,29.5,29.5,29.5,29.6,29.6,29.6,29.5,29.5,29.4,29.5,29.5,29.4,29.5,29.5,29.4,29.3,29.4,29.4,29.4,29.4,29.4,29.3,29.5,29.1,29.2,29.3,29.4,29.3,29.0,29.0,29.1,29.2,29.1,29.1,29.1,29.0,28.9,29.1,28.9,28.8,28.9,28.9,29.0,29.0,28.8,28.9,29.0,29.0,29.0,28.9,28.9,28.9,28.9,29.0,29.8,30.5,30.9,30.8,31.0,30.9,30.6,30.5,29.8,29.4,29.1,28.8,28.8,28.9,28.8,28.8,28.7,28.6,28.7,28.8,28.8,28.8,28.7,28.6,28.7,28.6,28.6,28.5,28.6,28.7,28.7,28.7,28.7,28.6,28.5,28.5,28.5,28.7,28.4,28.7,28.6,28.6,28.6,28.6,28.4,28.6,28.4,28.5,28.5,28.5,28.3,28.4,28.3,28.5,28.7,28.4,28.2,28.5,28.3,28.5,28.5,28.3,28.5,28.4,28.5,28.5,28.4,28.3,28.2,28.3,28.4,28.2,28.5,28.4,28.5,28.4,28.4,28.3,28.5,28.5,28.4,28.6,28.5,28.6,28.5,28.4,28.5,28.5,28.6,28.7,28.5,28.4,28.4,28.5,28.4,28.7,28.5,28.6,28.6,28.5,28.6,28.5,28.5,28.5,28.4,28.6,28.5,28.5,28.2,28.4,28.5,28.7,28.6,28.5,28.5,28.5,28.5,28.4,28.5
247,29.6,29.6,29.6,29.7,29.5,29.6,29.7,29.5,29.6,29.5,29.6,29.5,29.5,29.7,29.5,29.6,29.5,29.6,29.8,29.6,29.5,29.5,29.5,29.4,29.5,29.4,29.4,29.6,29.4,29.3,29.4,29.2,29.4,29.4,29.2,29.4,29.4,29.4,29.3,29.4,29.3,29.2,29.3,29.4,29.1,29.3,29.2,29.1,29.2,28.9,29.0,29.0,29.0,29.0,29.0,29.0,29.0,29.0,28.8,28.9,28.9,28.9,28.8,29.0,29.0,28.9,28.9,28.8,29.0,28.8,29.0,29.0,29.2,30.0,30.7,30.8,30.7,30.6,30.7,30.6,30.2,29.6,29.3,28.8,28.7,28.8,28.8,28.7,28.6,28.7,28.7,28.8,28.8,28.6,28.6,28.6,28.6,28.7,28.6,28.7,28.6,28.4,28.6,28.6,28.6,28.6,28.6,28.6,28.7,28.7,28.7,28.4,28.6,28.5,28.3,28.6,28.6,28.6,28.5,28.4,28.6,28.5,28.4,28.4,28.4,28.4,28.5,28.3,28.4,28.4,28.3,28.4,28.2,28.5,28.5,28.3,28.4,28.5,28.4,28.4,28.5,28.4,28.4,28.4,28.4,28.6,28.3,28.5,28.2,28.3,28.1,28.4,28.3,28.4,28.3,28.4,28.5,28.4,28.5,28.3,28.6,28.4,28.3,28.6,28.5,28.5,28.5,28.7,28.5,28.7,28.3,28.7,28.5,28.5,28.6,28.4,28.4,28.5,28.4,28.6,28.6,28.6,28.5,28.6,28.5,28.3,28.5,28.5,28.7,28.6,28.4,28.4
248,29.6,29.8,29.6,29.7,29.5,29.6,29.6,29.8,29.6,29.7,29.6,29.6,29.5,29.5,29.6,29.5,29.4,29.6,29.6,29.5,29.6,29.7,29.4,29.5,29.4,29.4,29.4,29.4,29.4,29.5,29.4,29.3,29.4,29.3,29.3,29.4,29.2,29.2,29.4,29.3,29.4,29.2,29.1,29.0,29.2,29.2,29.1,29.1,29.0,29.0,29.1,29.2,28.9,29.0,28.8,29.0,28.8,28.9,29.0,28.8,28.9,29.0,29.0,29.1,29.0,28.9,28.8,28.7,28.8,29.0,28.9,29.1,29.6,30.4,30.8,30.8,30.7,30.5,30.5,30.3,30.0,29.3,29.0,28.9,28.9,28.8,28.8,28.7,28.8,28.7,28.8,28.9,28.7,28.7,28.8,28.6,28.9,28.8,28.7,28.7,28.8,28.7,28.8,28.5,28.6,28.5,28.5,28.6,28.5,28.6,28.6,28.7,28.5,28.6,28.4,28.3,28.5,28.6,28.5,28.6,28.5,28.5,28.6,28.4,28.4,28.5,28.4,28.3,28.6,28.4,28.3,28.5,28.4,28.4,28.5,28.4,28.2,28.4,28.4,28.4,28.4,28.5,28.4,28.4,28.3,28.4,28.3,28.4,28.3,28.5,28.3,28.4,28.3,28.4,28.3,28.4,28.5,28.4,28.4,28.6,28.4,28.2,28.5,28.3,28.3,28.3,28.4,28.5,28.4,28.5,28.5,28.4,28.5,28.6,28.5,28.5,28.6,28.5,28.5,28.4,28.6,28.4,28.5,28.5,28.4,28.6,28.6,28.5,28.6,28.7,28.7,28.6
249,29.6,29.8,29.7,29.6,29.6,29.6,29.6,29.8,29.5,29.6,29.5,29.6,29.4,29.7,29.5,29.5,29.6,29.6,29.6,29.5,29.5,29.6,29.6,29.5,29.5,29.5,29.4,29.5,29.5,29.6,29.5,29.6,29.4,29.5,29.5,29.6,29.3,29.4,29.3,29.2,29.4,29.3,29.4,29.2,29.1,29.2,29.2,29.0,29.1,29.1,29.1,29.1,28.9,29.1,29.0,29.0,29.1,29.0,28.8,28.9,29.0,29.0,29.0,29.0,28.8,28.9,28.9,29.0,28.9,28.9,29.1,29.3,30.2,30.5,30.9,30.8,30.6,30.6,30.6,30.2,29.8,29.1,29.1,28.8,28.9,28.8,28.7,28.9,28.8,28.7,28.8,28.8,28.8,28.7,28.8,28.5,28.5,28.8,28.7,28.6,28.7,28.7,28.6,28.7,28.7,28.8,28.6,28.5,28.5,28.4,28.6,28.5,28.5,28.6,28.4,28.5,28.5,28.6,28.4,28.4,28.5,28.4,28.5,28.4,28.6,28.4,28.3,28.5,28.4,28.4,28.4,28.4,28.4,28.5,28.5,28.3,28.4,28.5,28.4,28.5,28.6,28.4,28.2,28.3,28.4,28.4,28.4,28.4,28.5,28.5,28.4,28.2,28.2,28.4,28.5,28.5,28.3,28.5,28.4,28.4,28.4,28.4,28.4,28.4,28.5,28.4,28.2,28.4,28.6,28.6,28.5,28.5,28.5,28.3,28.6,28.4,28.5,28.3,28.5,28.6,28.5,28.5,28.7,28.4,28.6,28.6,28.6,28.6,28.6,28.5,28.6,28.5
250,29.4,29.6,29.6,29.5,29.6,29.7,29.4,29.5,29.6,29.3,29.4,29.5,29.6,29.7,29.6,29.4,29.3,29.6,29.7,29.5,29.5,29.4,29.6,29.4,29.4,29.5,29.4,29.5,29.5,29.2,29.4,29.2,29.4,29.4,29.4,29.2,29.4,29.2,29.2,29.3,29.2,29.2,29.1,29.2,29.2,29.1,29.2,29.1,29.0,29.0,28.9,29.0,29.1,28.9,29.1,28.9,29.0,28.8,28.8,29.0,28.7,28.8,29.1,28.8,28.9,28.8,28.7,28.8,29.0,29.0,29.2,29.6,30.3,30.8,30.7,30.7,30.6,30.4,30.3,29.9,29.4,29.1,28.9,28.8,28.9,28.6,28.6,28.8,28.9,28.7,28.8,28.6,28.7,28.6,28.6,28.6,28.5,28.5,28.6,28.8,28.7,28.6,28.7,28.6,28.6,28.6,28.6,28.6,28.5,28.7,28.7,28.4,28.6,28.5,28.3,28.4,28.6,28.7,28.5,28.5,28.4,28.6,28.5,28.6,28.6,28.4,28.5,28.3,28.4,28.4,28.2,28.4,28.4,28.4,28.4,28.3,28.3,28.4,28.4,28.3,28.4,28.3,28.4,28.2,28.4,28.2,28.4,28.3,28.4,28.4,28.5,28.4,28.4,28.4,28.3,28.3,28.3,28.4,28.4,28.3,28.5,28.4,28.4,28.5,28.3,28.4,28.5,28.5,28.6,28.5,28.4,28.3,28.4,28.4,28.4,28.4,28.4,28.5,28.5,28.6,28.5,28.6,28.6,28.5,28.5,28.4,28.4,28.4,28.6,28.5,28.4,28.8
251,29.4,29.6,29.6,29.5,29.6,29.7,29.6,29.6,29.4,29.6,29.5,29.5,29.5,29.5,29.5,29.6,29.7,29.7,29.5,29.5,29.7,29.5,29.5,29.4,29.5,29.4,29.4,29.2,29.3,29.4,29.3,29.4,29.3,29.4,29.4,29.3,29.2,29.1,29.2,29.2,29.1,29.3,29.3,29.4,29.1,29.2,29.2,28.9,29.0,29.0,28.9,29.0,29.0,28.9,29.0,29.0,28.9,29.0,28.9,28.9,28.8,28.9,28.8,28.8,29.0,29.0,28.8,28.9,28.9,28.9,29.4,30.0,30.6,30.6,30.6,30.5,30.5,30.5,30.2,29.6,29.2,28.9,28.8,28.9,28.7,28.8,28.7,28.7,28.7,28.7,28.7,28.6,28.6,28.7,28.6,28.6,28.6,28.7,28.5,28.5,28.7,28.6,28.6,28.5,28.5,28.6,28.4,28.5,28.5,28.5,28.4,28.5,28.4,28.5,28.4,28.2,28.4,28.4,28.4,28.4,28.4,28.3,28.4,28.3,28.2,28.6,28.3,28.4,28.4,28.3,28.3,28.2,28.5,28.4,28.4,28.3,28.3,28.3,28.3,28.4,28.2,28.4,28.4,28.5,28.3,28.4,28.3,28.3,28.4,28.3,28.2,28.3,28.4,28.4,28.3,28.3,28.4,28.4,28.4,28.4,28.4,28.4,28.3,28.7,28.4,28.3,28.4,28.5,28.6,28.4,28.6,28.4,28.2,28.4,28.4,28.3,28.4,28.5,28.5,28.4,28.4,28.6,28.6,28.5,28.4,28.5,28.6,28.4,28.5,28.5,28.5,28.5
252,29.6,29.6,29.6,29.7,29.6,29.4,29.6,29.6,29.4,29.6,29.6,29.5,29.5,29.6,29.7,29.7,29.4,29.5,29.5,29.5,29.6,29.4,29.5,29.4,29.5,29.5,29.4,29.3,29.2,29.2,29.2,29.1,29.4,29.4,29.3,29.3,29.1,29.6,29.2,29.4,29.2,29.2,29.4,29.1,29.2,29.1,29.1,28.9,29.0,29.0,29.1,29.0,29.0,29.0,28.8,29.0,28.9,28.9,28.9,28.7,29.0,28.9,28.8,29.0,28.8,29.0,28.8,29.0,29.1,29.2,29.9,30.2,30.5,30.6,30.5,30.5,30.4,30.2,29.8,29.2,28.9,29.0,28.8,28.7,28.8,28.7,28.8,28.6,28.7,28.6,28.7,28.8,28.6,28.6,28.6,28.7,28.7,28.9,28.6,28.7,28.7,28.5,28.6,28.5,28.6,28.5,28.4,28.6,28.5,28.3,28.6,28.5,28.6,28.5,28.5,28.3,28.4,28.5,28.5,28.4,28.5,28.5,28.5,28.4,28.5,28.2,28.5,28.5,28.4,28.3,28.4,28.4,28.4,28.4,28.4,28.4,28.1,28.4,28.3,28.3,28.3,28.2,28.4,28.3,28.3,28.4,28.3,28.3,28.3,28.3,28.4,28.1,28.4,28.4,28.5,28.4,28.6,28.2,28.5,28.3,28.3,28.4,28.3,28.4,28.4,28.6,28.6,28.4,28.3,28.5,28.5,28.4,28.5,28.4,28.4,28.4,28.6,28.7,28.5,28.5,28.5,28.5,28.6,28.6,28.6,28.5,28.6,28.6,28.6,28.6,28.4,28.6
253,29.7,29.8,29.7,29.6,29.7,29.5,29.6,29.6,29.5,29.8,29.5,29.5,29.6,29.5,29.5,29.4,29.4,29.4,29.4,29.4,29.4,29.4,29.3,29.5,29.5,29.5,29.4,29.4,29.4,29.2,29.3,29.2,29.4,29.4,29.3,29.4,29.2,29.3,29.4,29.2,29.2,29.2,29.2,29.1,29.0,29.1,29.1,29.1,29.0,29.0,29.0,28.9,28.8,29.0,29.0,28.7,29.0,28.9,28.9,28.8,28.8,29.0,28.9,28.9,28.9,28.8,29.0,28.8,29.0,29.6,30.1,30.3,30.6,30.5,30.5,30.4,30.4,30.0,29.7,29.2,28.8,28.8,28.7,28.8,28.9,28.9,28.6,28.7,28.6,28.6,28.6,28.8,28.6,28.6,28.7,28.8,28.8,28.6,28.6,28.5,28.7,28.5,28.6,28.4,28.5,28.7,28.5,28.4,28.4,28.5,28.5,28.6,28.4,28.3,28.5,28.4,28.4,28.5,28.3,28.3,28.4,28.5,28.5,28.5,28.4,28.4,28.4,28.3,28.5,28.5,28.3,28.4,28.4,28.5,28.4,28.2,28.4,28.6,28.3,28.5,28.3,28.2,28.4,28.4,28.4,28.4,28.3,28.3,28.3,28.5,28.4,28.2,28.4,28.2,28.4,28.5,28.2,28.6,28.5,28.3,28.2,28.4,28.4,28.5,28.4,28.4,28.5,28.5,28.7,28.4,28.4,28.5,28.5,28.4,28.6,28.6,28.6,28.5,28.5,28.5,28.6,28.5,28.5,28.7,28.4,28.7,28.7,28.7,28.6,28.5,28.5,28.7
254,29.4,29.6,29.6,29.5,29.6,29.7,29.5,29.6,29.6,29.4,29.6,29.5,29.6,29.5,29.6,29.6,29.6,29.5,29.6,29.5,29.5,29.5,29.4,29.4,29.5,29.2,29.2,29.2,29.2,29.4,29.4,29.2,29.2,29.1,29.2,29.2,29.2,29.0,29.3,29.2,29.2,29.2,29.0,29.2,29.0,29.3,29.1,29.1,29.0,29.0,29.1,29.1,29.0,29.0,28.9,28.8,29.0,29.0,29.0,28.9,28.9,29.1,28.8,28.9,28.9,28.8,29.1,29.1,29.8,30.1,30.3,30.5,30.6,30.5,30.5,30.5,30.3,29.7,29.3,28.9,29.0,29.0,28.7,28.8,28.8,28.7,28.8,28.6,28.7,28.7,28.4,28.7,28.6,28.7,28.6,28.5,28.5,28.7,28.6,28.5,28.5,28.5,28.7,28.5,28.7,28.6,28.4,28.6,28.5,28.6,28.4,28.6,28.4,28.3,28.4,28.3,28.4,28.3,28.4,28.3,28.4,28.3,28.4,28.4,28.5,28.2,28.4,28.4,28.2,28.4,28.3,28.5,28.4,28.5,28.3,28.5,28.4,28.4,28.4,28.4,28.2,28.2,28.4,28.1,28.3,28.4,28.3,28.5,28.2,28.3,28.5,28.3,28.3,28.4,28.4,28.3,28.2,28.3,28.4,28.3,28.4,28.3,28.3,28.4,28.4,28.4,28.5,28.4,28.4,28.6,28.5,28.3,28.3,28.4,28.4,28.6,28.5,28.5,28.5,28.5,28.6,28.6,28.6,28.5,28.7,28.6,28.5,28.6,28.7,28.5,28.6,28.6
255,29.6,29.6,29.4,29.6,29.5,29.6,29.7,29.5,29.4,29.5,29.5,29.5,29.4,29.4,29.6,29.5,29.4,29.4,29.3,29.4,29.3,29.4,29.4,29.3,29.2,29.5,29.4,29.4,29.3,29.1,29.2,29.2,29.2,29.4,29.1,29.4,29.0,29.2,29.0,29.2,29.1,29.2,29.0,29.1,29.1,29.2,29.0,29.0,29.0,28.9,28.9,28.9,28.9,29.1,28.9,28.9,29.0,28.8,28.8,28.8,28.8,28.9,28.8,28.6,28.9,28.8,28.9,29.2,29.8,30.1,30.3,30.5,30.5,30.2,30.3,30.3,29.8,29.4,29.1,28.7,28.7,28.8,28.8,28.6,28.6,28.6,28.5,28.6,28.4,28.6,28.4,28.6,28.4,28.5,28.5,28.5,28.6,28.6,28.5,28.6,28.4,28.3,28.4,28.3,28.4,28.3,28.4,28.5,28.5,28.3,28.4,28.3,28.3,28.4,28.4,28.3,28.2,28.2,28.2,28.3,28.4,28.2,28.3,28.1,28.3,28.2,28.2,28.3,28.4,28.2,28.2,28.3,28.3,28.4,28.4,28.4,28.3,28.5,28.3,28.4,28.4,28.3,28.3,28.3,28.3,28.2,28.3,28.4,28.4,28.3,28.4,28.4,28.3,28.2,28.3,28.5,28.4,28.4,28.3,28.3,28.4,28.4,28.6,28.5,28.5,28.4,28.6,28.6,28.4,28.4,28.5,28.5,28.6,28.4,28.4,28.5,28.6,28.6,28.5,28.4,28.4,28.4,28.5,28.6,28.5,28.6,28.4,28.6,28.5,28.6,28.5,28.7
