File Path:,C:\Users\20837\Desktop\田彧\田彧 大学\田彧 2025-26 2.春夏学期\暑假\大物实验竞赛\数据\20260709红外数据 树莓派（补充）\case08_不插电（铝箔背景）\糙铝箔不开灯\data\HM20260709221113.csv,,,,,,,,,,,,,,,,,,,,,,,,,,,,,,,,,,,,,,,,,,,,,,,,,,,,,,,,,,,,,,,,,,,,,,,,,,,,,,,,,,,,,,,,,,,,,,,,
,,,,,,,,,,,,,,,,,,,,,,,,,,,,,,,,,,,,,,,,,,,,,,,,,,,,,,,,,,,,,,,,,,,,,,,,,,,,,,,,,,,,,,,,,,,,,,,,
Temperature Unit,Celsius Degree,,,,,,,,,,,,,,,,,,,,,,,,,,,,,,,,,,,,,,,,,,,,,,,,,,,,,,,,,,,,,,,,,,,,,,,,,,,,,,,,,,,,,,,,,,,,,,,,
Distance Unit,m,,,,,,,,,,,,,,,,,,,,,,,,,,,,,,,,,,,,,,,,,,,,,,,,,,,,,,,,,,,,,,,,,,,,,,,,,,,,,,,,,,,,,,,,,,,,,,,,
,,,,,,,,,,,,,,,,,,,,,,,,,,,,,,,,,,,,,,,,,,,,,,,,,,,,,,,,,,,,,,,,,,,,,,,,,,,,,,,,,,,,,,,,,,,,,,,,
Global,,,,,,,,,,,,,,,,,,,,,,,,,,,,,,,,,,,,,,,,,,,,,,,,,,,,,,,,,,,,,,,,,,,,,,,,,,,,,,,,,,,,,,,,,,,,,,,,
Parameter:,,Emissivity:,0.93,,,,,,,,,,,,,,,,,,,,,,,,,,,,,,,,,,,,,,,,,,,,,,,,,,,,,,,,,,,,,,,,,,,,,,,,,,,,,,,,,,,,,,,,,,,,,,,
,,Reflected Temp.:,25.0,,,,,,,,,,,,,,,,,,,,,,,,,,,,,,,,,,,,,,,,,,,,,,,,,,,,,,,,,,,,,,,,,,,,,,,,,,,,,,,,,,,,,,,,,,,,,,,
,,Distance:,0.1,,,,,,,,,,,,,,,,,,,,,,,,,,,,,,,,,,,,,,,,,,,,,,,,,,,,,,,,,,,,,,,,,,,,,,,,,,,,,,,,,,,,,,,,,,,,,,,
,,Atmospheric Temp.:,30.4,,,,,,,,,,,,,,,,,,,,,,,,,,,,,,,,,,,,,,,,,,,,,,,,,,,,,,,,,,,,,,,,,,,,,,,,,,,,,,,,,,,,,,,,,,,,,,,
,,Humidity:,0.0,,,,,,,,,,,,,,,,,,,,,,,,,,,,,,,,,,,,,,,,,,,,,,,,,,,,,,,,,,,,,,,,,,,,,,,,,,,,,,,,,,,,,,,,,,,,,,,
,,,,,,,,,,,,,,,,,,,,,,,,,,,,,,,,,,,,,,,,,,,,,,,,,,,,,,,,,,,,,,,,,,,,,,,,,,,,,,,,,,,,,,,,,,,,,,,,
Counting:,,Average:,27.1,,,,,,,,,,,,,,,,,,,,,,,,,,,,,,,,,,,,,,,,,,,,,,,,,,,,,,,,,,,,,,,,,,,,,,,,,,,,,,,,,,,,,,,,,,,,,,,
,,Min.:,26.2,,,,,,,,,,,,,,,,,,,,,,,,,,,,,,,,,,,,,,,,,,,,,,,,,,,,,,,,,,,,,,,,,,,,,,,,,,,,,,,,,,,,,,,,,,,,,,,
,,Max.:,28.6,,,,,,,,,,,,,,,,,,,,,,,,,,,,,,,,,,,,,,,,,,,,,,,,,,,,,,,,,,,,,,,,,,,,,,,,,,,,,,,,,,,,,,,,,,,,,,,
,,,,,,,,,,,,,,,,,,,,,,,,,,,,,,,,,,,,,,,,,,,,,,,,,,,,,,,,,,,,,,,,,,,,,,,,,,,,,,,,,,,,,,,,,,,,,,,,
Axis X/Y,0,1,2,3,4,5,6,7,8,9,10,11,12,13,14,15,16,17,18,19,20,21,22,23,24,25,26,27,28,29,30,31,32,33,34,35,36,37,38,39,40,41,42,43,44,45,46,47,48,49,50,51,52,53,54,55,56,57,58,59,60,61,62,63,64,65,66,67,68,69,70,71,72,73,74,75,76,77,78,79,80,81,82,83,84,85,86,87,88,89,90,91,92,93,94,95,96,97,98,99,100,101,102,103,104,105,106,107,108,109,110,111,112,113,114,115,116,117,118,119,120,121,122,123,124,125,126,127,128,129,130,131,132,133,134,135,136,137,138,139,140,141,142,143,144,145,146,147,148,149,150,151,152,153,154,155,156,157,158,159,160,161,162,163,164,165,166,167,168,169,170,171,172,173,174,175,176,177,178,179,180,181,182,183,184,185,186,187,188,189,190,191
0,27.3,27.3,27.3,27.3,27.5,27.5,27.5,27.5,27.4,27.5,27.3,27.5,27.5,27.4,27.5,27.2,27.5,27.4,27.4,27.5,27.4,27.5,27.3,27.5,27.4,27.3,27.3,27.5,27.4,27.3,27.4,27.5,27.5,27.3,27.4,27.4,27.3,27.5,27.5,27.5,27.3,27.5,27.3,27.3,27.3,27.3,27.5,27.4,27.4,27.5,27.5,27.4,27.5,27.6,27.8,27.6,27.7,27.9,27.9,28.1,28.0,28.0,28.1,27.9,28.0,28.1,28.0,28.1,27.9,28.0,28.1,28.0,28.0,28.1,28.1,28.1,28.2,28.0,28.2,28.1,28.1,28.1,28.1,28.1,28.0,28.1,28.0,28.0,28.0,28.0,28.1,27.9,28.2,28.2,28.1,28.1,28.3,28.2,28.3,28.3,28.1,28.3,28.2,28.3,28.2,28.1,28.2,28.2,28.2,28.2,28.3,28.3,28.3,28.1,28.2,28.3,28.1,28.1,28.2,28.2,28.1,28.1,28.0,28.1,28.0,27.9,28.0,27.9,28.0,28.1,27.9,27.9,28.0,28.1,27.9,28.0,27.9,28.1,27.9,27.9,27.9,27.9,27.8,28.0,27.9,27.8,27.9,27.9,27.8,28.0,27.9,27.5,27.5,27.6,27.5,27.3,27.5,27.5,27.5,27.5,27.4,27.5,27.8,27.6,27.6,27.5,27.3,27.5,27.4,27.6,27.6,27.6,27.5,27.6,27.6,27.6,27.7,27.5,27.5,27.6,27.7,27.5,27.7,27.6,27.6,27.7,27.7,27.7,27.9,27.7,27.6,27.9
1,27.3,27.3,27.4,27.4,27.5,27.2,27.4,27.2,27.4,27.4,27.5,27.3,27.5,27.5,27.3,27.4,27.3,27.4,27.3,27.6,27.3,27.3,27.4,27.6,27.4,27.5,27.3,27.5,27.2,27.4,27.5,27.5,27.4,27.4,27.3,27.4,27.4,27.5,27.4,27.3,27.3,27.6,27.2,27.3,27.3,27.4,27.5,27.4,27.5,27.5,27.4,27.7,27.5,27.5,27.7,27.8,27.9,27.7,27.9,27.8,27.8,28.0,28.0,28.0,28.0,27.9,28.0,28.1,27.9,28.0,28.0,27.9,28.1,27.8,28.1,28.1,28.1,27.9,27.9,28.0,28.0,27.9,28.1,28.1,28.0,28.1,28.0,28.0,28.0,28.2,28.1,28.3,28.1,28.0,28.1,28.1,28.2,28.2,28.1,28.1,28.3,28.1,28.3,28.3,28.1,28.3,28.1,28.2,28.2,28.1,28.2,28.3,28.1,28.3,28.2,28.2,28.1,28.3,28.1,28.2,28.1,28.1,27.9,28.1,28.0,28.0,27.9,27.9,27.9,28.1,27.9,28.0,28.1,27.8,28.0,28.0,27.8,27.9,27.8,27.7,27.9,27.8,27.8,27.9,27.9,28.1,27.8,27.9,28.0,27.8,27.4,27.5,27.3,27.3,27.5,27.5,27.5,27.6,27.5,27.5,27.5,27.7,27.6,27.6,27.5,27.7,27.6,27.6,27.5,27.5,27.6,27.6,27.5,27.8,27.7,27.7,27.8,27.8,27.6,27.6,27.7,27.6,27.6,27.8,27.7,27.9,27.8,27.4,27.7,27.9,27.8,27.7
2,27.5,27.3,27.2,27.4,27.3,27.3,27.5,27.4,27.5,27.4,27.3,27.4,27.3,27.4,27.5,27.4,27.5,27.4,27.5,27.4,27.4,27.4,27.4,27.5,27.5,27.5,27.5,27.5,27.6,27.4,27.3,27.5,27.3,27.4,27.5,27.4,27.5,27.6,27.3,27.4,27.4,27.4,27.4,27.5,27.4,27.5,27.5,27.5,27.5,27.5,27.6,27.5,27.7,27.7,27.8,27.9,28.0,28.1,27.9,28.1,28.1,27.9,28.1,28.1,28.1,28.1,28.0,28.0,28.0,28.0,28.2,28.0,28.1,28.1,28.1,28.1,28.0,28.3,28.1,28.2,27.9,28.0,28.0,28.1,28.1,28.1,28.1,28.2,28.0,28.1,28.0,28.0,28.2,28.0,28.1,28.1,28.1,28.2,28.1,28.1,27.9,28.3,28.3,28.2,28.2,28.1,28.1,28.3,28.2,28.2,28.2,28.1,28.3,28.2,28.1,28.2,28.2,28.2,28.1,28.0,28.1,28.1,28.0,27.9,28.1,28.1,28.2,28.1,27.9,28.0,27.9,27.8,27.9,27.7,28.0,27.9,27.9,27.9,28.0,27.9,27.9,28.0,27.9,28.0,27.9,27.9,27.9,27.9,27.9,27.7,27.6,27.6,27.5,27.5,27.5,27.5,27.6,27.5,27.5,27.6,27.6,27.6,27.4,27.6,27.6,27.5,27.7,27.7,27.7,27.6,27.5,27.5,27.6,27.8,27.7,27.5,27.6,27.5,27.8,27.5,27.5,27.8,27.6,27.7,27.6,27.9,27.9,27.8,27.8,27.8,27.7,27.8
3,27.4,27.2,27.3,27.4,27.5,27.4,27.4,27.3,27.5,27.4,27.4,27.4,27.5,27.4,27.2,27.3,27.3,27.4,27.4,27.3,27.5,27.3,27.3,27.4,27.4,27.4,27.3,27.4,27.2,27.5,27.5,27.4,27.6,27.5,27.3,27.5,27.4,27.4,27.2,27.4,27.2,27.5,27.3,27.4,27.5,27.4,27.4,27.4,27.3,27.3,27.5,27.7,27.6,27.6,27.7,27.9,28.0,27.8,27.8,27.7,27.9,27.9,28.0,28.0,28.0,28.1,28.0,27.9,28.0,27.9,27.8,28.1,28.1,28.0,28.1,28.2,28.1,28.0,28.1,28.1,28.1,28.0,28.1,28.1,28.1,28.0,28.1,28.0,28.0,27.9,28.1,28.2,28.1,28.1,28.1,28.2,28.1,28.0,28.1,28.2,28.1,28.2,28.1,28.2,28.1,28.2,28.0,28.1,28.2,28.1,28.1,28.2,28.3,28.1,28.1,28.1,28.1,28.0,27.9,27.9,27.9,28.1,28.0,28.0,28.1,28.1,28.0,28.0,27.8,28.0,27.9,27.9,27.9,27.9,27.9,27.8,27.8,27.9,27.8,27.9,27.8,28.0,27.8,27.9,27.9,27.9,27.8,27.8,27.7,27.5,27.3,27.5,27.2,27.2,27.3,27.5,27.6,27.6,27.5,27.6,27.6,27.6,27.5,27.6,27.4,27.5,27.6,27.4,27.5,27.6,27.6,27.5,27.5,27.6,27.7,27.6,27.9,27.6,27.7,27.6,27.5,27.7,27.6,27.6,27.8,27.7,27.5,27.7,27.6,27.7,27.8,27.8
4,27.4,27.3,27.3,27.3,27.5,27.3,27.4,27.3,27.5,27.3,27.5,27.4,27.5,27.5,27.3,27.4,27.3,27.5,27.4,27.5,27.5,27.5,27.5,27.6,27.5,27.6,27.5,27.4,27.4,27.3,27.5,27.5,27.4,27.3,27.5,27.3,27.4,27.5,27.5,27.4,27.2,27.3,27.3,27.5,27.5,27.5,27.3,27.4,27.6,27.4,27.6,27.5,27.5,27.8,28.0,27.8,28.0,27.9,27.8,27.9,27.8,27.9,28.1,28.0,27.9,28.0,27.9,28.0,28.1,28.2,28.1,28.0,28.2,28.0,28.3,28.1,28.1,28.3,28.2,28.0,28.1,28.2,28.1,28.0,28.0,28.2,28.1,28.1,28.2,28.1,28.0,28.1,28.2,28.1,28.3,28.2,28.0,28.1,28.0,28.1,28.2,28.3,28.1,27.9,28.1,28.2,28.2,28.2,28.2,28.1,28.2,28.1,28.1,28.2,28.1,28.1,28.1,28.1,28.0,27.9,28.0,28.0,28.1,28.1,28.0,27.9,27.9,28.0,27.9,28.0,27.8,27.9,27.8,27.9,28.0,27.8,27.8,27.9,27.9,27.9,27.9,27.9,27.9,28.1,28.1,28.0,27.7,27.7,27.6,27.3,27.5,27.4,27.5,27.6,27.7,27.6,27.7,27.5,27.6,27.7,27.6,27.7,27.7,27.6,27.5,27.7,27.6,27.7,27.6,27.6,27.7,27.6,27.8,27.6,27.7,27.7,27.7,27.6,27.8,27.6,27.7,27.7,27.5,27.7,27.7,27.6,27.8,27.7,27.7,27.7,27.6,27.9
5,27.4,27.2,27.4,27.5,27.6,27.2,27.4,27.4,27.4,27.7,27.7,27.5,27.4,27.4,27.5,27.3,27.4,27.5,27.4,27.7,27.4,27.5,27.3,27.7,27.3,27.5,27.4,27.5,27.5,27.3,27.5,27.5,27.4,27.4,27.4,27.4,27.6,27.5,27.4,27.4,27.4,27.5,27.2,27.3,27.2,27.6,27.5,27.5,27.4,27.3,27.5,27.5,27.6,27.8,28.0,28.0,27.8,27.8,27.8,27.8,27.7,27.9,27.9,28.0,27.9,28.0,28.0,28.1,27.9,28.0,28.1,28.1,28.2,28.2,28.1,28.3,28.3,28.3,28.2,28.2,28.3,28.1,28.2,28.1,28.1,28.0,28.1,28.1,28.1,28.1,28.3,28.1,28.2,28.1,28.2,28.1,28.1,28.0,28.2,28.0,28.1,28.1,28.1,28.1,28.0,28.1,28.0,28.1,28.2,28.0,28.1,28.2,28.2,28.1,28.0,28.2,28.0,28.1,28.0,28.1,28.2,28.0,28.0,28.0,27.9,27.8,27.8,28.0,27.9,27.8,27.8,27.9,27.9,27.8,27.9,27.9,27.7,27.7,27.9,27.9,27.8,27.9,27.7,27.9,27.8,27.7,27.6,27.4,27.5,27.3,27.2,27.6,27.5,27.4,27.5,27.6,27.7,27.7,27.6,27.7,27.7,27.6,27.5,27.6,27.6,27.7,27.5,27.5,27.6,27.5,27.5,27.5,27.6,27.7,27.6,27.8,27.7,27.7,27.6,27.5,27.6,27.5,27.6,27.6,27.5,27.6,27.6,27.5,27.6,27.6,27.6,27.7
6,27.3,27.3,27.3,27.2,27.3,27.3,27.4,27.3,27.3,27.4,27.5,27.4,27.5,27.4,27.3,27.3,27.5,27.5,27.5,27.5,27.5,27.2,27.5,27.4,27.3,27.5,27.5,27.4,27.4,27.5,27.4,27.5,27.3,27.3,27.4,27.3,27.5,27.6,27.3,27.5,27.3,27.2,27.4,27.5,27.3,27.4,27.5,27.6,27.5,27.5,27.6,27.5,27.6,27.7,28.0,28.0,27.9,27.9,27.9,27.9,27.8,27.9,27.9,27.8,28.0,28.0,28.0,28.0,28.1,28.0,28.1,28.1,28.2,28.1,28.1,28.2,28.3,28.1,28.3,28.3,28.2,28.1,28.1,28.2,28.1,28.1,28.1,28.1,28.1,28.1,28.1,28.1,28.1,28.1,28.1,28.2,28.0,27.9,28.1,28.2,28.0,28.2,27.9,28.0,28.1,28.1,28.1,28.0,28.1,28.0,27.9,28.1,27.9,28.0,27.9,28.0,28.0,27.9,27.9,27.9,27.8,27.9,27.8,27.9,28.0,27.7,27.8,27.7,27.8,27.7,27.9,27.8,27.8,27.8,27.8,27.7,27.9,27.7,27.7,27.9,27.7,27.9,27.9,27.7,27.6,27.5,27.4,27.3,27.3,27.4,27.2,27.4,27.3,27.5,27.4,27.5,27.6,27.5,27.5,27.6,27.5,27.6,27.4,27.6,27.5,27.5,27.5,27.6,27.5,27.5,27.5,27.6,27.6,27.4,27.5,27.7,27.7,27.6,27.6,27.7,27.6,27.5,27.5,27.5,27.7,27.5,27.7,27.7,27.9,27.7,27.6,27.7
7,27.2,27.4,27.2,27.0,27.5,27.3,27.3,27.3,27.4,27.3,27.4,27.4,27.5,27.5,27.5,27.4,27.5,27.4,27.5,27.3,27.3,27.3,27.3,27.3,27.5,27.5,27.5,27.5,27.5,27.4,27.5,27.5,27.3,27.3,27.5,27.5,27.5,27.4,27.5,27.4,27.3,27.4,27.3,27.3,27.3,27.3,27.5,27.6,27.5,27.6,27.5,27.6,27.6,27.6,28.0,27.8,27.9,28.0,27.9,27.8,28.0,27.9,27.9,28.1,28.1,28.0,28.1,28.1,27.9,27.9,28.2,28.2,28.2,28.2,28.2,28.1,28.3,28.1,28.4,28.2,28.2,28.1,28.3,28.2,28.1,28.1,28.2,28.2,28.1,28.1,28.2,28.2,28.2,28.3,28.1,28.1,28.1,28.0,28.1,27.9,28.1,28.3,28.1,28.3,28.2,28.1,28.2,28.1,28.1,28.1,28.1,27.9,28.1,28.0,28.1,27.9,28.1,28.0,28.0,27.9,28.0,28.0,27.9,28.0,27.9,27.5,27.8,27.8,27.7,27.9,27.9,27.7,27.9,27.9,28.0,27.9,28.0,27.9,27.8,27.9,27.7,28.0,27.7,27.7,27.6,27.4,27.4,27.4,27.2,27.4,27.6,27.5,27.5,27.5,27.7,27.6,27.5,27.7,27.7,27.4,27.7,27.7,27.7,27.6,27.6,27.7,27.5,27.6,27.6,27.7,27.6,27.5,27.6,27.6,27.6,27.6,27.6,27.8,27.7,27.6,27.6,27.9,27.7,27.6,27.5,27.6,27.9,27.6,27.5,27.7,27.7,27.8
8,27.1,27.2,27.2,27.1,27.2,27.4,27.3,27.3,27.3,27.3,27.4,27.2,27.2,27.4,27.3,27.5,27.2,27.3,27.4,27.2,27.5,27.3,27.3,27.6,27.5,27.3,27.4,27.3,27.4,27.4,27.5,27.5,27.4,27.3,27.3,27.3,27.3,27.5,27.4,27.4,27.3,27.4,27.3,27.4,27.1,27.4,27.4,27.6,27.5,27.5,27.3,27.5,27.4,27.5,27.9,27.8,28.0,27.9,27.8,27.9,27.9,27.9,28.0,28.1,27.9,28.0,28.1,28.0,27.9,28.1,28.0,27.9,28.0,28.2,28.2,28.3,28.3,28.2,28.2,28.3,28.3,28.1,28.5,28.3,28.2,28.3,28.2,28.2,28.3,28.2,28.1,28.1,28.1,28.2,28.1,28.2,28.3,28.1,28.1,28.1,28.1,28.1,28.0,28.1,28.0,28.0,28.0,27.9,28.1,28.1,28.1,28.0,27.9,28.0,28.0,27.9,27.8,28.0,27.9,28.0,27.8,27.8,27.8,27.9,27.8,27.7,27.9,27.6,27.6,27.8,27.7,27.8,27.9,27.9,27.9,27.9,27.9,27.9,27.9,27.8,27.8,27.8,27.6,27.5,27.5,27.3,27.4,27.4,27.3,27.5,27.5,27.5,27.5,27.6,27.6,27.5,27.5,27.8,27.7,27.7,27.5,27.9,27.7,27.6,27.6,27.7,27.6,27.6,27.5,27.6,27.6,27.5,27.5,27.5,27.5,27.5,27.5,27.8,27.6,27.6,27.9,27.7,27.8,27.5,27.5,27.7,27.7,27.6,27.6,27.8,27.7,27.7
9,27.2,27.4,27.2,27.2,27.4,27.4,27.3,27.3,27.4,27.3,27.2,27.4,27.3,27.4,27.5,27.3,27.5,27.3,27.4,27.4,27.4,27.3,27.4,27.5,27.4,27.6,27.4,27.3,27.4,27.4,27.7,27.4,27.4,27.2,27.2,27.3,27.2,27.3,27.4,27.5,27.2,27.5,27.2,27.5,27.3,27.3,27.5,27.5,27.4,27.5,27.7,27.5,27.5,27.6,27.8,27.8,28.0,28.0,27.8,27.8,28.0,27.9,28.0,28.1,28.1,27.9,28.1,28.1,28.2,28.1,28.1,28.1,28.2,28.1,28.3,28.2,28.4,28.3,28.2,28.3,28.3,28.3,28.3,28.5,28.4,28.3,28.2,28.3,28.0,28.2,27.9,28.2,28.2,28.1,28.2,28.1,28.2,28.2,28.2,28.1,28.1,28.1,28.1,27.9,28.1,28.1,28.0,27.9,28.1,28.1,28.0,27.9,28.0,27.9,27.8,27.8,27.9,27.8,27.9,27.7,27.7,27.9,27.7,27.7,27.8,27.7,27.6,27.8,27.6,27.8,27.9,27.7,27.9,27.7,27.9,27.9,27.9,27.7,27.8,27.7,27.6,27.6,27.5,27.5,27.4,27.4,27.3,27.5,27.4,27.5,27.6,27.5,27.6,27.6,27.6,27.7,27.7,27.7,27.5,27.6,27.6,27.4,27.5,27.8,27.5,27.5,27.6,27.5,27.6,27.6,27.5,27.5,27.5,27.6,27.8,27.6,27.6,27.5,27.8,27.7,27.7,27.7,27.8,27.6,27.5,27.5,27.5,27.6,27.5,27.6,27.6,27.7
10,27.2,27.4,27.3,27.4,27.4,27.2,27.4,27.2,27.4,27.4,27.4,27.4,27.4,27.4,27.5,27.3,27.4,27.4,27.3,27.3,27.4,27.5,27.4,27.5,27.5,27.5,27.3,27.2,27.4,27.3,27.4,27.5,27.4,27.4,27.2,27.3,27.3,27.2,27.3,27.5,27.3,27.2,27.3,27.3,27.3,27.4,27.4,27.6,27.7,27.8,27.5,27.6,27.7,27.5,27.9,27.9,28.1,28.2,27.9,28.1,27.9,28.0,28.0,28.1,28.0,28.0,28.1,28.1,28.1,28.1,28.2,28.1,28.2,28.3,28.3,28.2,28.3,28.3,28.4,28.3,28.3,28.5,28.3,28.2,28.4,28.3,28.3,28.3,28.3,28.1,28.2,28.3,28.3,28.0,28.1,28.1,28.1,28.1,28.1,28.1,28.1,28.3,28.2,28.1,28.1,28.0,27.9,28.0,27.9,27.9,28.0,27.9,27.9,28.1,27.7,28.0,27.7,27.8,27.8,27.6,27.9,27.8,27.8,27.7,27.6,27.6,27.7,27.6,27.9,27.9,27.8,27.9,28.0,27.9,27.7,27.8,27.7,27.7,27.7,27.6,27.3,27.5,27.5,27.3,27.3,27.4,27.2,27.4,27.4,27.6,27.5,27.4,27.6,27.5,27.7,27.6,27.5,27.6,27.5,27.4,27.6,27.5,27.5,27.5,27.5,27.7,27.6,27.6,27.6,27.5,27.5,27.5,27.6,27.3,27.5,27.6,27.5,27.6,27.5,27.7,27.6,27.7,27.7,27.6,27.6,27.7,27.5,27.6,27.6,27.6,27.7,27.8
11,27.5,27.1,27.3,27.3,27.3,27.4,27.5,27.5,27.3,27.3,27.3,27.3,27.5,27.3,27.4,27.2,27.2,27.2,27.4,27.2,27.5,27.3,27.5,27.4,27.4,27.5,27.3,27.4,27.4,27.3,27.4,27.3,27.4,27.5,27.3,27.4,27.3,27.3,27.5,27.4,27.2,27.4,27.3,27.4,27.3,27.3,27.6,27.7,27.8,27.7,27.8,27.8,27.7,27.6,27.8,27.9,28.1,28.1,28.0,27.9,28.0,28.0,28.0,27.9,28.0,28.1,28.0,28.1,28.0,28.2,28.2,28.1,28.2,28.2,28.3,28.2,28.3,28.3,28.4,28.3,28.4,28.4,28.3,28.2,28.4,28.4,28.4,28.3,28.3,28.3,28.1,28.3,28.3,28.2,28.2,28.3,28.2,28.1,28.1,28.2,28.2,28.1,28.1,28.0,28.0,28.0,28.2,27.9,27.9,27.9,28.0,28.0,27.9,27.8,27.8,27.7,28.1,27.9,27.7,27.6,27.7,27.6,27.7,27.8,27.8,27.7,27.9,27.8,27.8,27.9,27.8,27.9,27.8,27.7,27.7,27.6,27.5,27.6,27.5,27.6,27.5,27.3,27.3,27.3,27.4,27.5,27.4,27.4,27.5,27.4,27.7,27.7,27.4,27.5,27.6,27.6,27.6,27.7,27.6,27.4,27.5,27.5,27.5,27.6,27.6,27.6,27.5,27.5,27.6,27.6,27.6,27.6,27.6,27.7,27.5,27.5,27.4,27.5,27.5,27.5,27.6,27.7,27.6,27.8,27.7,27.8,27.5,27.8,27.5,27.5,27.7,27.7
12,27.2,27.4,27.2,27.2,27.5,27.3,27.4,27.4,27.4,27.5,27.3,27.2,27.5,27.4,27.3,27.4,27.4,27.2,27.3,27.3,27.3,27.2,27.5,27.3,27.4,27.3,27.3,27.4,27.5,27.4,27.4,27.5,27.4,27.3,27.3,27.5,27.4,27.2,27.4,27.4,27.2,27.3,27.3,27.5,27.5,27.5,27.6,28.0,27.9,27.8,27.6,27.5,27.9,27.8,27.9,28.2,28.0,27.9,27.9,28.0,28.1,28.0,28.1,28.1,28.1,28.0,28.1,27.9,28.1,28.2,28.0,28.2,28.3,28.1,28.3,28.4,28.3,28.2,28.3,28.4,28.4,28.2,28.2,28.3,28.3,28.4,28.3,28.2,28.3,28.3,28.1,28.3,28.4,28.1,28.3,28.3,28.2,28.2,28.2,28.1,28.2,28.1,28.1,28.0,28.2,28.1,28.0,28.0,28.0,27.9,28.0,27.9,27.9,27.8,27.9,27.9,27.9,27.6,27.9,27.7,27.8,27.7,27.7,27.7,27.7,27.8,27.8,27.9,27.9,27.9,27.8,27.9,27.9,27.7,27.8,27.8,27.4,27.4,27.5,27.5,27.5,27.2,27.4,27.3,27.3,27.5,27.5,27.4,27.6,27.4,27.6,27.5,27.6,27.6,27.7,27.5,27.6,27.6,27.7,27.5,27.6,27.5,27.4,27.7,27.6,27.6,27.5,27.7,27.7,27.6,27.7,27.6,27.6,27.7,27.5,27.6,27.6,27.5,27.5,27.5,27.6,27.6,27.5,27.5,27.5,27.8,27.7,27.6,27.7,27.6,27.6,27.7
13,27.2,27.3,27.2,27.3,27.4,27.4,27.3,27.4,27.4,27.3,27.4,27.1,27.1,27.2,27.2,27.3,27.3,27.3,27.3,27.2,27.4,27.3,27.4,27.4,27.3,27.4,27.2,27.4,27.3,27.3,27.4,27.4,27.2,27.3,27.3,27.3,27.3,27.2,27.4,27.1,27.2,27.2,27.2,27.3,27.4,27.5,27.6,27.8,27.8,27.8,27.8,27.9,27.9,28.1,28.0,27.9,27.7,27.9,27.9,28.0,27.9,27.9,28.1,28.0,28.1,28.1,28.1,28.1,28.0,28.2,28.0,28.1,28.1,28.1,28.3,28.3,28.3,28.3,28.4,28.3,28.3,28.2,28.3,28.4,28.3,28.3,28.3,28.3,28.2,28.3,28.3,28.1,28.2,28.3,28.3,28.3,28.1,28.2,28.2,28.3,28.2,28.1,28.1,28.3,28.2,28.1,27.9,28.0,28.1,27.9,28.1,27.8,27.7,27.8,27.8,27.9,27.9,27.8,27.8,27.7,27.6,27.9,27.7,27.9,27.7,27.8,27.8,27.8,27.9,27.8,27.6,27.8,27.6,27.5,27.5,27.4,27.3,27.4,27.3,27.2,27.3,27.3,27.3,27.3,27.3,27.4,27.3,27.4,27.6,27.4,27.5,27.4,27.4,27.4,27.5,27.6,27.5,27.6,27.5,27.6,27.5,27.6,27.5,27.8,27.5,27.5,27.4,27.7,27.6,27.6,27.5,27.6,27.5,27.5,27.4,27.5,27.5,27.4,27.5,27.5,27.8,27.6,27.6,27.5,27.8,27.8,27.7,27.6,27.6,27.6,27.7,27.7
14,27.2,27.4,27.3,27.3,27.4,27.2,27.4,27.2,27.4,27.2,27.4,27.5,27.5,27.4,27.3,27.4,27.4,27.3,27.4,27.2,27.3,27.3,27.4,27.3,27.4,27.3,27.2,27.2,27.3,27.2,27.4,27.2,27.4,27.3,27.3,27.4,27.3,27.3,27.3,27.4,27.3,27.2,27.2,27.5,27.3,27.3,27.3,27.6,27.9,28.0,28.0,27.9,28.0,27.9,27.8,27.8,27.9,27.9,27.9,27.9,28.0,28.0,28.1,27.9,28.1,28.0,28.0,28.3,28.1,28.2,28.3,28.1,28.2,28.1,28.3,28.3,28.3,28.2,28.4,28.5,28.4,28.3,28.5,28.4,28.3,28.4,28.4,28.3,28.4,28.4,28.4,28.2,28.4,28.5,28.3,28.4,28.2,28.2,28.2,28.1,28.3,28.3,28.2,28.1,28.2,28.1,28.0,28.1,28.1,28.2,28.1,27.9,28.1,27.9,28.0,27.8,28.0,28.0,27.8,27.7,27.8,27.7,27.9,27.7,27.8,27.8,27.7,27.8,27.9,27.9,27.7,27.6,27.2,27.3,27.3,27.3,27.2,27.2,27.3,27.4,27.3,27.5,27.4,27.3,27.3,27.2,27.5,27.6,27.5,27.4,27.5,27.5,27.6,27.5,27.5,27.5,27.7,27.5,27.4,27.6,27.6,27.7,27.5,27.6,27.6,27.7,27.5,27.5,27.5,27.7,27.7,27.6,27.7,27.7,27.9,27.4,27.6,27.6,27.5,27.5,27.5,27.5,27.7,27.6,27.5,27.9,27.8,27.6,27.7,27.6,27.7,27.7
15,27.4,27.4,27.3,27.2,27.4,27.4,27.3,27.2,27.5,27.4,27.2,27.2,27.2,27.3,27.3,27.3,27.4,27.5,27.2,27.2,27.4,27.3,27.3,27.3,27.2,27.3,27.2,27.2,27.3,27.3,27.3,27.3,27.2,27.2,27.4,27.4,27.2,27.4,27.2,27.5,27.2,27.2,27.3,27.4,27.4,27.3,27.6,27.5,27.6,27.8,27.9,28.0,27.9,27.9,27.9,27.9,27.6,28.0,27.6,27.9,28.2,27.9,28.0,28.1,28.1,27.9,27.9,28.0,28.1,28.1,28.3,28.2,28.2,28.2,28.2,28.2,28.4,28.3,28.2,28.2,28.4,28.3,28.3,28.3,28.3,28.4,28.4,28.3,28.3,28.3,28.3,28.4,28.4,28.2,28.3,28.3,28.3,28.3,28.3,28.2,28.3,28.4,28.3,28.2,28.2,28.1,28.2,28.3,28.1,28.0,28.1,28.0,28.0,28.0,27.9,27.9,28.0,27.9,27.9,27.7,27.8,28.0,27.9,27.9,27.8,27.7,27.7,27.8,27.9,27.9,27.7,27.5,27.3,27.4,27.3,27.5,27.3,27.4,27.4,27.3,27.4,27.4,27.4,27.4,27.6,27.4,27.5,27.7,27.5,27.5,27.4,27.7,27.6,27.5,27.7,27.6,27.6,27.8,27.5,27.7,27.6,27.7,27.7,27.7,27.6,27.6,27.7,27.8,27.7,27.6,27.6,27.8,27.7,27.6,27.7,27.6,27.6,27.5,27.7,27.6,27.7,27.7,27.6,27.8,27.6,27.8,27.7,27.8,27.5,27.7,27.7,27.5
16,27.3,27.5,27.4,27.4,27.4,27.3,27.4,27.4,27.2,27.4,27.3,27.3,27.5,27.2,27.5,27.4,27.5,27.2,27.2,27.2,27.4,27.4,27.3,27.3,27.3,27.2,27.4,27.2,27.4,27.3,27.3,27.3,27.5,27.5,27.3,27.4,27.4,27.3,27.2,27.4,27.3,27.2,27.5,27.3,27.3,27.4,27.4,27.4,27.6,27.6,27.7,27.8,27.8,27.7,27.9,27.8,28.0,28.0,27.9,28.1,27.8,28.0,28.1,28.2,28.1,28.2,28.2,28.0,28.1,28.1,28.0,28.1,28.3,28.2,28.3,28.3,28.5,28.1,28.5,28.4,28.3,28.3,28.4,28.3,28.5,28.4,28.4,28.3,28.5,28.5,28.4,28.4,28.4,28.3,28.4,28.4,28.4,28.4,28.3,28.3,28.2,28.5,28.2,28.3,28.2,28.2,28.1,28.2,28.1,28.2,28.1,28.1,28.0,27.9,28.0,28.0,27.9,27.8,28.0,27.8,27.8,27.9,27.9,27.8,27.7,27.6,27.7,27.9,27.8,27.7,27.5,27.4,27.5,27.4,27.2,27.3,27.4,27.4,27.4,27.3,27.4,27.5,27.2,27.5,27.5,27.5,27.5,27.6,27.6,27.5,27.6,27.4,27.4,27.4,27.6,27.6,27.6,27.6,27.5,27.5,27.7,27.4,27.5,27.7,27.5,27.6,27.5,27.6,27.6,27.6,27.5,27.5,27.6,27.7,27.6,27.5,27.6,27.5,27.7,27.5,27.7,27.6,27.5,27.5,27.6,27.7,27.7,27.6,27.7,27.6,27.6,27.5
17,27.1,27.2,27.4,27.2,27.5,27.4,27.3,27.4,27.4,27.3,27.5,27.2,27.3,27.4,27.3,27.3,27.3,27.3,27.4,27.4,27.3,27.1,27.2,27.3,27.2,27.3,27.1,27.2,27.3,27.3,27.5,27.3,27.4,27.4,27.5,27.4,27.3,27.5,27.4,27.4,27.2,27.3,27.2,27.3,27.4,27.4,27.2,27.3,27.3,27.6,27.4,27.7,27.9,27.9,27.9,27.9,28.0,27.9,27.7,27.9,28.1,28.1,28.0,28.0,27.9,28.2,28.1,28.1,28.0,28.2,28.2,28.1,28.3,28.2,28.3,28.4,28.3,28.3,28.3,28.3,28.3,28.5,28.5,28.3,28.5,28.6,28.6,28.3,28.3,28.4,28.3,28.3,28.3,28.5,28.5,28.3,28.4,28.3,28.4,28.3,28.4,28.4,28.3,28.2,28.3,28.2,28.3,28.3,28.3,28.1,28.2,28.1,28.1,28.1,28.0,28.1,28.0,28.0,27.9,27.8,27.9,28.0,27.6,27.9,27.9,27.8,28.0,27.7,27.9,27.8,27.5,27.5,27.4,27.4,27.4,27.5,27.5,27.5,27.4,27.5,27.5,27.4,27.4,27.5,27.4,27.6,27.4,27.5,27.8,27.6,27.6,27.5,27.5,27.7,27.6,27.7,27.8,27.5,27.5,27.6,27.5,27.7,27.6,27.6,27.6,27.6,27.6,27.5,27.8,27.8,27.7,27.7,27.8,27.6,27.8,27.6,27.7,27.5,27.6,27.7,27.5,27.7,27.5,27.5,27.5,27.5,27.6,27.7,27.7,27.8,27.8,27.9
18,27.2,27.2,27.2,27.2,27.4,27.4,27.4,27.3,27.4,27.2,27.4,27.4,27.2,27.4,27.3,27.4,27.5,27.1,27.1,27.0,27.2,27.2,27.4,27.3,27.2,27.2,27.1,27.3,27.5,27.3,27.4,27.3,27.3,27.4,27.3,27.4,27.2,27.3,27.4,27.2,27.2,27.2,27.4,27.4,27.3,27.3,27.4,27.5,27.3,27.4,27.3,27.4,27.6,27.5,27.8,27.9,27.8,28.0,27.9,27.8,27.8,28.0,27.9,28.1,28.1,27.9,28.0,28.0,28.0,28.2,28.2,28.1,28.2,28.1,28.4,28.3,28.3,28.4,28.3,28.5,28.3,28.3,28.3,28.3,28.3,28.3,28.5,28.4,28.4,28.4,28.4,28.3,28.5,28.4,28.4,28.3,28.3,28.2,28.3,28.3,28.4,28.3,28.5,28.3,28.1,28.3,28.2,28.3,28.3,28.2,28.3,28.2,28.1,28.1,28.0,28.0,28.1,28.1,28.0,28.0,27.9,27.8,27.7,27.9,27.8,27.6,27.8,27.9,27.8,27.5,27.5,27.4,27.5,27.4,27.3,27.3,27.5,27.4,27.5,27.5,27.5,27.5,27.5,27.4,27.6,27.7,27.5,27.6,27.7,27.7,27.6,27.6,27.6,27.6,27.6,27.8,27.6,27.7,27.5,27.6,27.4,27.8,27.6,27.6,27.5,27.7,27.8,27.5,27.6,27.7,27.7,27.6,27.7,27.6,27.7,27.4,27.7,27.6,27.6,27.5,27.6,27.4,27.4,27.5,27.7,27.7,27.5,27.6,27.5,27.7,27.5,27.8
19,27.1,27.3,27.2,27.3,27.4,27.5,27.3,27.4,27.3,27.3,27.3,27.1,27.3,27.2,27.3,27.2,27.3,27.2,27.1,27.1,27.2,27.2,27.2,27.2,27.1,27.3,27.4,27.4,27.3,27.4,27.4,27.4,27.3,27.5,27.4,27.4,27.3,27.2,27.3,27.3,27.4,27.4,27.2,27.4,27.3,27.4,27.2,27.4,27.4,27.4,27.4,27.4,27.5,27.4,27.7,27.7,27.6,28.0,27.9,27.9,27.9,27.9,28.0,28.1,28.1,28.0,27.9,28.0,28.2,28.1,28.2,28.1,28.2,28.2,28.2,28.2,28.2,28.3,28.5,28.3,28.3,28.5,28.2,28.4,28.4,28.4,28.3,28.3,28.4,28.4,28.4,28.4,28.4,28.3,28.3,28.4,28.3,28.2,28.3,28.3,28.3,28.4,28.4,28.3,28.4,28.3,28.1,28.2,28.2,28.3,28.3,28.2,28.3,28.2,28.1,28.2,28.1,27.9,28.1,27.8,27.9,27.9,27.8,27.8,27.9,27.7,27.9,27.9,27.6,27.6,27.5,27.5,27.4,27.2,27.4,27.4,27.4,27.3,27.5,27.6,27.5,27.5,27.5,27.4,27.5,27.6,27.5,27.7,27.5,27.7,27.6,27.8,27.6,27.7,27.6,27.7,27.6,27.6,27.7,27.7,27.6,27.7,27.5,27.7,27.5,27.7,27.6,27.6,27.7,27.7,27.7,27.7,27.6,27.6,27.7,27.5,27.6,27.7,27.6,27.6,27.6,27.6,27.5,27.5,27.6,27.7,27.6,27.6,27.4,27.8,27.5,27.5
20,27.2,27.1,27.4,27.2,27.3,27.2,27.1,27.1,27.4,27.2,27.2,27.1,27.2,27.2,27.0,27.1,27.1,27.1,27.1,27.1,27.4,27.3,27.2,27.4,27.2,27.2,27.3,27.3,27.4,27.3,27.3,27.3,27.3,27.4,27.4,27.4,27.5,27.3,27.4,27.3,27.2,27.4,27.2,27.4,27.3,27.4,27.3,27.3,27.3,27.4,27.3,27.3,27.5,27.4,27.3,27.4,27.6,27.8,27.7,27.8,27.8,28.1,28.1,27.9,27.9,27.9,28.0,28.0,27.9,28.0,28.1,28.1,28.1,28.1,28.2,28.2,28.2,28.2,28.3,28.3,28.2,28.1,28.3,28.3,28.3,28.3,28.3,28.3,28.4,28.3,28.3,28.4,28.4,28.3,28.3,28.3,28.2,28.4,28.3,28.3,28.3,28.3,28.3,28.3,28.3,28.2,28.1,28.1,28.2,28.3,28.3,28.2,27.9,28.2,28.0,28.1,28.0,27.9,27.9,27.9,27.8,27.8,27.8,27.9,27.8,27.8,27.9,27.7,27.5,27.7,27.6,27.8,27.5,27.2,27.4,27.4,27.5,27.5,27.6,27.5,27.6,27.5,27.5,27.4,27.5,27.5,27.5,27.5,27.5,27.6,27.7,27.7,27.6,27.6,27.5,27.6,27.5,27.6,27.5,27.6,27.5,27.6,27.6,27.6,27.6,27.6,27.6,27.6,27.6,27.8,27.6,27.6,27.7,27.5,27.5,27.6,27.6,27.6,27.8,27.8,27.6,27.7,27.6,27.5,27.7,27.6,27.7,27.5,27.4,27.5,27.5,27.6
21,27.1,27.2,27.0,27.1,27.2,27.1,27.2,27.2,27.2,27.2,27.2,27.1,27.2,27.1,27.1,27.1,27.3,27.2,27.4,27.3,27.3,27.4,27.1,27.2,27.2,27.4,27.2,27.2,27.3,27.1,27.2,27.3,27.3,27.2,27.1,27.2,27.2,27.1,27.3,27.2,27.4,27.3,27.2,27.2,27.3,27.2,27.4,27.3,27.2,27.4,27.3,27.3,27.3,27.2,27.3,27.3,27.4,27.5,27.5,27.5,27.7,27.7,27.9,28.0,28.0,27.9,27.9,28.0,28.0,28.1,28.1,28.0,27.9,28.0,28.2,28.0,28.2,28.2,28.3,28.2,28.4,28.1,28.4,28.3,28.2,28.3,28.3,28.3,28.2,28.3,28.4,28.3,28.4,28.3,28.3,28.4,28.3,28.4,28.3,28.2,28.2,28.3,28.4,28.3,28.2,28.2,28.2,28.1,28.2,28.4,28.1,28.2,28.0,28.1,28.2,28.0,28.1,27.9,28.0,28.1,27.9,27.7,27.8,27.8,27.7,27.7,27.9,27.8,27.7,27.5,27.5,27.4,27.3,27.4,27.2,27.3,27.4,27.5,27.6,27.6,27.4,27.4,27.4,27.6,27.7,27.5,27.6,27.5,27.6,27.5,27.5,27.5,27.5,27.5,27.5,27.6,27.6,27.4,27.5,27.6,27.7,27.5,27.6,27.6,27.7,27.5,27.5,27.6,27.5,27.5,27.6,27.4,27.7,27.7,27.8,27.5,27.6,27.7,27.7,27.3,27.6,27.5,27.5,27.5,27.5,27.9,27.5,27.7,27.7,27.5,27.5,27.5
22,27.0,27.1,27.1,27.1,27.2,27.0,27.2,27.2,27.2,27.1,27.2,27.1,27.2,27.2,27.2,27.3,27.4,27.5,27.3,27.1,27.4,27.2,27.3,27.2,27.2,27.2,27.3,27.2,27.4,27.2,27.4,27.3,27.4,27.2,27.2,27.3,27.4,27.3,27.3,27.4,27.2,27.4,27.3,27.5,27.3,27.3,27.4,27.3,27.4,27.4,27.3,27.3,27.4,27.5,27.5,27.4,27.4,27.5,27.5,27.3,27.6,27.5,27.7,27.9,27.9,28.0,27.9,28.0,27.9,28.0,28.1,27.9,28.0,28.0,28.3,28.1,27.9,28.1,28.1,28.1,28.2,28.1,28.3,28.1,28.3,28.4,28.2,28.4,28.4,28.3,28.3,28.3,28.3,28.4,28.4,28.4,28.3,28.2,28.3,28.4,28.5,28.3,28.2,28.3,28.3,28.1,28.3,28.2,28.2,28.3,28.2,28.0,28.1,28.1,28.1,28.0,28.1,28.0,28.0,27.9,27.8,27.7,27.8,27.8,27.8,27.8,27.8,27.9,27.7,27.7,27.7,27.5,27.5,27.4,27.3,27.5,27.5,27.4,27.5,27.6,27.5,27.4,27.6,27.5,27.5,27.5,27.5,27.6,27.6,27.4,27.6,27.7,27.7,27.6,27.6,27.5,27.8,27.5,27.5,27.6,27.5,27.7,27.6,27.7,27.7,27.6,27.5,27.6,27.6,27.7,27.6,27.5,27.8,27.5,27.7,27.6,27.5,27.6,27.4,27.6,27.5,27.7,27.7,27.6,27.6,27.7,27.5,27.6,27.5,27.6,27.6,27.7
23,27.1,27.0,27.0,27.2,27.1,27.2,27.0,27.1,27.1,27.1,27.2,27.1,27.3,27.2,27.2,27.2,27.1,27.3,27.2,27.2,27.2,27.3,27.2,27.3,27.2,27.2,27.3,27.2,27.3,27.2,27.2,27.2,27.2,27.2,27.4,27.2,27.2,27.2,27.1,27.3,27.1,27.2,27.3,27.4,27.1,27.3,27.2,27.2,27.2,27.2,27.1,27.4,27.2,27.3,27.3,27.3,27.2,27.4,27.5,27.2,27.4,27.4,27.5,27.5,27.6,27.7,27.6,27.9,27.6,27.9,27.9,27.9,27.9,28.0,28.0,27.9,28.0,27.9,28.1,28.1,28.1,28.1,28.1,28.2,28.2,28.1,28.1,28.1,28.2,28.3,28.3,28.2,28.3,28.2,28.3,28.2,28.1,28.2,28.3,28.2,28.3,28.2,28.3,28.1,28.1,28.3,28.2,28.3,28.2,28.2,28.3,28.1,28.0,28.1,27.9,28.1,28.1,28.1,27.9,27.9,27.7,27.8,27.8,27.9,27.7,27.8,27.8,27.8,27.7,27.6,27.6,27.5,27.7,27.4,27.3,27.4,27.5,27.4,27.6,27.5,27.4,27.3,27.5,27.5,27.6,27.5,27.5,27.6,27.6,27.5,27.5,27.4,27.5,27.4,27.4,27.5,27.8,27.5,27.5,27.6,27.5,27.7,27.6,27.5,27.6,27.6,27.5,27.7,27.6,27.6,27.5,27.5,27.6,27.6,27.6,27.6,27.6,27.6,27.6,27.6,27.5,27.6,27.6,27.6,27.4,27.5,27.7,27.5,27.6,27.5,27.6,27.5
24,27.0,27.0,27.0,27.1,27.1,27.0,27.0,27.0,27.1,27.0,27.1,27.0,27.1,27.1,27.4,27.2,27.1,27.1,27.1,27.0,27.4,27.0,27.2,27.2,27.3,27.2,27.2,27.2,27.3,27.2,27.2,27.2,27.2,27.3,27.3,27.3,27.2,27.5,27.2,27.4,27.1,27.3,27.0,27.3,27.2,27.4,27.3,27.3,27.4,27.2,27.3,27.3,27.3,27.2,27.2,27.3,27.4,27.3,27.4,27.5,27.5,27.5,27.6,27.4,27.4,27.5,27.7,27.8,27.7,27.8,27.9,27.8,28.0,27.8,27.9,28.1,28.0,27.9,28.1,28.1,28.1,28.1,28.0,28.0,28.2,28.2,28.2,28.1,28.2,28.2,28.0,28.3,28.1,28.1,28.1,28.3,28.3,28.3,28.1,28.1,28.2,28.2,28.2,28.2,28.1,28.2,28.2,28.1,28.1,28.3,28.1,28.1,28.0,27.9,28.0,27.9,27.9,28.0,27.9,28.0,27.8,27.9,27.7,27.9,27.8,27.9,27.8,27.8,27.8,27.7,27.7,27.5,27.6,27.5,27.3,27.2,27.6,27.5,27.5,27.5,27.5,27.7,27.4,27.6,27.6,27.6,27.8,27.6,27.6,27.6,27.5,27.3,27.6,27.6,27.7,27.6,27.6,27.8,27.5,27.5,27.6,27.7,27.4,27.7,27.5,27.6,27.5,27.5,27.5,27.5,27.7,27.6,27.6,27.6,27.5,27.6,27.6,27.6,27.6,27.7,27.6,27.7,27.5,27.6,27.7,27.6,27.5,27.6,27.6,27.5,27.6,27.7
25,27.1,27.1,27.0,27.0,27.1,27.1,27.1,27.0,27.2,27.0,27.2,27.1,27.2,27.2,27.2,27.1,27.3,27.2,27.2,27.2,27.2,27.2,27.2,27.3,27.3,27.3,27.3,27.3,27.6,27.4,27.3,27.5,27.1,27.3,27.3,27.2,27.2,27.3,27.3,27.2,27.2,27.5,27.2,27.1,27.3,27.3,27.3,27.3,27.3,27.2,27.0,27.3,27.3,27.4,27.2,27.6,27.4,27.4,27.5,27.5,27.5,27.2,27.4,27.4,27.4,27.4,27.3,27.5,27.4,27.6,27.6,27.9,27.8,27.9,27.9,27.8,28.0,27.8,28.1,27.9,28.0,27.9,28.0,28.1,28.1,28.0,28.2,28.1,28.1,28.1,28.2,28.0,28.2,28.1,28.1,28.1,28.3,28.0,28.2,28.1,28.0,28.1,28.1,28.1,28.3,28.0,28.1,28.1,28.1,28.2,28.0,28.2,28.1,28.3,28.0,28.0,28.1,27.9,28.1,27.9,27.8,27.9,27.9,27.9,27.8,27.8,27.7,27.7,27.8,27.8,27.8,27.6,27.5,27.4,27.3,27.5,27.3,27.6,27.5,27.4,27.4,27.5,27.5,27.6,27.8,27.6,27.4,27.7,27.7,27.6,27.5,27.6,27.5,27.4,27.5,27.5,27.7,27.6,27.6,27.5,27.6,27.6,27.5,27.5,27.5,27.5,27.7,27.5,27.7,27.5,27.5,27.7,27.5,27.6,27.8,27.7,27.5,27.6,27.8,27.5,27.5,27.6,27.5,27.5,27.5,27.5,27.6,27.6,27.7,27.6,27.6,27.8
26,27.2,27.1,27.0,27.1,27.1,27.0,27.1,27.1,27.2,27.2,27.3,27.3,27.3,27.0,27.0,27.2,27.0,27.3,27.1,27.4,27.2,27.1,27.2,27.1,27.4,27.3,27.2,27.3,27.2,27.3,27.2,27.3,27.3,27.3,27.2,27.2,27.3,27.1,27.3,27.4,27.2,27.1,27.1,27.0,27.1,27.4,27.2,27.3,27.2,27.1,27.1,27.1,27.2,27.1,27.3,27.3,27.3,27.3,27.2,27.2,27.4,27.4,27.4,27.5,27.4,27.4,27.5,27.5,27.4,27.4,27.3,27.5,27.7,27.6,27.9,27.8,27.7,27.8,27.9,27.8,28.0,27.9,28.0,27.9,28.1,28.0,27.9,28.2,28.0,28.0,28.1,28.1,28.0,27.9,28.1,28.1,28.1,27.9,28.1,28.1,28.1,28.2,28.2,28.1,27.9,28.1,28.1,28.1,28.0,28.0,28.1,28.1,28.0,28.1,28.0,28.0,28.2,27.9,28.0,27.9,27.9,27.9,28.0,27.8,27.9,27.7,27.8,27.9,27.7,27.9,27.6,27.5,27.5,27.4,27.5,27.4,27.4,27.4,27.4,27.5,27.5,27.6,27.4,27.5,27.7,27.5,27.5,27.5,27.5,27.4,27.6,27.8,27.5,27.7,27.5,27.7,27.7,27.6,27.7,27.5,27.5,27.6,27.6,27.5,27.6,27.8,27.6,27.6,27.5,27.7,27.5,27.7,27.6,27.6,27.5,27.5,27.5,27.7,27.5,27.5,27.5,27.4,27.6,27.7,27.4,27.6,27.6,27.5,27.7,27.5,27.6,27.5
27,27.1,27.0,26.8,27.1,27.0,27.2,27.1,27.1,27.3,27.1,27.2,27.0,27.3,27.1,26.9,27.3,27.2,27.2,27.2,27.4,27.2,27.3,27.4,27.2,27.2,27.3,27.2,27.1,27.4,27.2,27.2,27.2,27.3,27.2,27.3,27.3,27.3,27.3,27.1,27.2,27.2,27.3,27.2,27.2,27.1,27.2,27.0,27.2,27.2,27.2,27.3,27.1,27.3,27.1,27.2,27.3,27.2,27.3,27.1,27.3,27.4,27.4,27.3,27.4,27.2,27.3,27.4,27.2,27.2,27.4,27.5,27.4,27.4,27.4,27.4,27.4,27.5,27.5,27.6,27.7,27.6,27.8,27.7,27.8,27.8,28.0,27.9,27.8,27.9,27.9,28.0,27.9,27.9,27.8,27.9,28.1,28.1,28.0,28.0,28.0,28.1,28.0,28.1,28.1,27.9,28.0,28.0,28.0,28.1,28.0,28.1,28.1,28.1,28.1,28.1,28.0,28.0,27.9,27.9,27.9,27.8,27.9,27.9,28.0,27.6,27.7,27.7,27.7,27.8,27.9,27.5,27.6,27.7,27.5,27.5,27.3,27.4,27.3,27.4,27.6,27.7,27.6,27.6,27.6,27.6,27.5,27.5,27.7,27.7,27.5,27.5,27.6,27.6,27.5,27.6,27.6,27.6,27.5,27.4,27.5,27.5,27.6,27.6,27.6,27.6,27.6,27.5,27.6,27.5,27.5,27.7,27.5,27.5,27.5,27.5,27.5,27.6,27.6,27.6,27.6,27.6,27.6,27.7,27.5,27.7,27.6,27.5,27.6,27.5,27.5,27.6,27.6
28,27.2,27.1,27.2,27.2,27.2,27.2,27.3,27.2,27.2,27.0,27.0,27.1,27.0,27.1,27.2,27.3,27.2,27.2,27.2,27.1,27.3,27.3,27.2,27.2,27.2,27.3,27.2,27.2,27.3,27.2,27.2,27.4,27.2,27.3,27.4,27.4,27.3,27.2,27.3,27.3,27.3,27.3,27.1,27.3,27.3,27.4,27.1,27.1,27.1,27.2,27.1,27.2,27.4,27.3,27.1,27.3,27.4,27.2,27.5,27.3,27.3,27.4,27.5,27.3,27.3,27.3,27.3,27.3,27.3,27.4,27.6,27.3,27.3,27.4,27.4,27.4,27.4,27.5,27.5,27.6,27.6,27.5,27.7,27.7,27.8,28.0,27.8,27.8,28.0,28.0,27.8,27.8,27.9,27.9,27.8,28.0,27.9,27.9,27.9,27.9,28.0,28.0,28.0,28.0,27.9,27.9,28.0,28.0,27.9,28.1,27.9,27.9,28.1,27.9,27.8,28.0,27.9,28.0,28.0,27.9,27.9,27.9,27.9,27.9,27.7,27.7,27.7,27.7,27.8,27.9,27.8,27.7,27.5,27.7,27.4,27.4,27.3,27.6,27.5,27.5,27.5,27.5,27.6,27.6,27.5,27.6,27.5,27.5,27.6,27.7,27.6,27.6,27.5,27.8,27.5,27.5,27.5,27.6,27.5,27.6,27.5,27.6,27.5,27.5,27.5,27.5,27.4,27.6,27.4,27.5,27.7,27.6,27.5,27.6,27.5,27.5,27.5,27.6,27.8,27.6,27.5,27.6,27.6,27.5,27.5,27.6,27.6,27.6,27.5,27.7,27.7,27.6
29,27.2,27.2,27.2,27.1,27.1,27.3,27.2,27.2,27.0,27.0,27.1,27.0,27.1,26.9,27.0,27.2,27.2,27.3,27.2,27.3,27.3,27.2,27.3,27.3,27.2,27.1,27.2,27.2,27.2,27.2,27.3,27.2,27.3,27.4,27.3,27.3,27.2,27.3,27.2,27.2,27.3,27.2,27.0,27.3,27.2,27.2,27.2,27.2,27.2,27.3,27.2,27.1,27.1,27.2,27.2,27.3,27.2,27.2,27.4,27.4,27.2,27.4,27.3,27.3,27.3,27.3,27.2,27.1,27.2,27.3,27.4,27.4,27.5,27.3,27.4,27.5,27.2,27.4,27.4,27.5,27.5,27.5,27.5,27.5,27.6,27.8,27.8,27.8,27.9,27.8,27.7,27.8,27.9,27.7,27.9,27.9,28.0,27.9,27.9,28.0,28.0,28.0,27.8,27.9,28.0,27.8,27.9,28.0,28.0,27.9,27.9,27.9,27.9,27.9,27.9,27.9,28.0,28.0,28.1,27.9,27.7,27.9,27.7,27.7,27.9,27.7,27.8,27.8,27.9,27.9,27.9,27.8,27.7,27.8,27.5,27.3,27.3,27.5,27.5,27.5,27.6,27.6,27.7,27.6,27.7,27.7,27.6,27.5,27.7,27.6,27.7,27.5,27.6,27.5,27.5,27.6,27.6,27.5,27.6,27.5,27.6,27.7,27.5,27.7,27.5,27.5,27.6,27.6,27.6,27.6,27.5,27.4,27.6,27.5,27.5,27.5,27.5,27.8,27.7,27.6,27.6,27.5,27.6,27.6,27.5,27.6,27.5,27.7,27.8,27.6,27.5,27.5
30,27.2,26.9,27.1,27.1,27.1,27.0,27.2,27.0,27.2,27.0,27.2,27.0,27.0,27.0,27.0,27.2,27.2,27.3,27.2,27.3,27.2,27.2,27.2,27.3,27.3,27.3,27.1,27.1,27.3,27.2,27.2,27.4,27.2,27.2,27.3,27.2,27.2,27.5,27.2,27.2,27.3,27.3,27.2,27.3,27.1,27.3,27.1,27.2,27.2,27.2,27.2,27.1,27.4,27.3,27.4,27.2,27.1,27.3,27.1,27.5,27.4,27.4,27.4,27.3,27.3,27.4,27.2,27.3,27.5,27.3,27.3,27.3,27.2,27.3,27.3,27.3,27.3,27.4,27.3,27.4,27.4,27.4,27.5,27.3,27.5,27.5,27.5,27.6,27.6,27.4,27.8,27.8,27.9,27.7,27.8,27.8,27.8,27.6,27.7,27.7,27.9,27.9,27.9,27.8,27.9,27.9,27.7,27.7,27.8,27.8,27.7,27.9,27.7,27.8,27.9,27.9,27.9,27.8,27.7,27.7,27.8,27.8,27.8,27.7,27.7,27.9,27.6,27.7,27.9,27.7,27.6,27.6,27.6,27.4,27.3,27.5,27.4,27.3,27.5,27.5,27.5,27.5,27.5,27.6,27.7,27.6,27.4,27.5,27.5,27.6,27.5,27.7,27.6,27.6,27.6,27.5,27.6,27.7,27.6,27.5,27.6,27.7,27.4,27.5,27.5,27.4,27.3,27.5,27.5,27.6,27.4,27.6,27.4,27.5,27.7,27.7,27.6,27.6,27.6,27.6,27.6,27.7,27.6,27.8,27.6,27.6,27.7,27.6,27.6,27.5,27.6,27.7
31,27.1,27.1,27.0,27.1,27.2,27.0,27.1,27.1,27.2,27.1,27.2,27.0,27.1,27.1,27.0,27.0,27.0,27.1,27.2,27.3,27.4,27.1,27.2,27.2,27.1,27.2,27.2,27.3,27.2,27.2,27.4,27.3,27.5,27.1,27.1,27.3,27.2,27.2,27.2,27.2,27.2,27.1,27.3,27.2,27.3,27.2,27.2,27.2,27.2,27.3,27.3,27.1,27.1,27.2,27.4,27.3,27.5,27.4,27.3,27.2,27.3,27.2,27.4,27.5,27.2,27.2,27.3,27.5,27.4,27.4,27.4,27.3,27.4,27.3,27.2,27.3,27.5,27.3,27.4,27.3,27.3,27.4,27.3,27.5,27.5,27.5,27.5,27.5,27.5,27.5,27.7,27.5,27.7,27.9,27.8,27.9,27.7,27.7,27.7,27.8,27.8,27.8,27.8,27.7,27.7,27.7,27.6,27.8,27.7,27.7,27.7,27.8,27.9,27.8,27.8,27.8,27.8,27.9,27.8,27.9,27.7,27.7,27.6,27.8,27.8,27.9,27.6,27.7,27.6,27.6,27.4,27.6,27.5,27.4,27.3,27.3,27.6,27.6,27.5,27.6,27.5,27.7,27.5,27.5,27.6,27.6,27.6,27.5,27.6,27.7,27.6,27.6,27.5,27.8,27.7,27.6,27.6,27.6,27.4,27.6,27.6,27.6,27.6,27.5,27.6,27.6,27.5,27.5,27.5,27.5,27.7,27.5,27.5,27.6,27.7,27.4,27.6,27.6,27.5,27.5,27.7,27.6,27.5,27.7,27.3,27.6,27.6,27.5,27.5,27.7,27.6,27.6
32,27.1,27.2,27.2,27.0,27.1,27.1,27.2,27.1,27.1,27.2,27.2,27.0,27.2,27.1,27.0,27.1,27.2,27.1,27.0,27.1,27.2,27.2,27.1,27.2,27.2,27.2,27.2,27.2,27.4,27.2,27.2,27.2,27.2,27.2,27.3,27.2,27.4,27.3,27.2,27.2,27.3,27.3,27.0,27.3,27.1,27.1,27.2,27.1,27.2,27.2,27.1,27.4,27.3,27.2,27.2,27.2,27.3,27.3,27.3,27.3,27.3,27.2,27.2,27.3,27.2,27.3,27.4,27.2,27.5,27.3,27.2,27.2,27.3,27.2,27.4,27.3,27.2,27.5,27.3,27.4,27.2,27.4,27.3,27.4,27.4,27.4,27.5,27.3,27.5,27.4,27.3,27.5,27.5,27.5,27.7,27.6,27.7,27.8,27.6,27.4,27.6,27.7,27.8,27.6,27.7,27.5,27.6,27.8,27.6,27.8,27.6,27.7,27.7,27.7,27.6,27.7,27.7,27.6,27.6,27.7,27.7,27.7,27.5,27.7,27.8,27.7,27.5,27.4,27.3,27.4,27.5,27.4,27.3,27.5,27.3,27.5,27.6,27.5,27.7,27.5,27.5,27.7,27.5,27.5,27.6,27.6,27.5,27.5,27.6,27.5,27.6,27.6,27.7,27.6,27.7,27.7,27.5,27.7,27.6,27.5,27.6,27.6,27.6,27.5,27.5,27.5,27.5,27.4,27.5,27.7,27.7,27.4,27.6,27.6,27.6,27.7,27.5,27.6,27.6,27.6,27.5,27.6,27.7,27.6,27.6,27.7,27.7,27.7,27.6,27.6,27.5,27.6
33,27.1,27.0,27.2,27.2,27.2,27.1,27.1,27.0,27.2,27.2,27.1,27.1,27.0,27.1,27.2,26.9,27.0,27.2,27.1,27.1,27.1,27.1,27.1,27.1,27.2,27.1,27.1,27.0,27.3,27.2,27.2,27.2,27.1,27.1,27.1,27.2,27.1,27.3,27.2,27.2,27.2,27.2,27.2,27.3,27.3,27.2,27.3,27.2,27.3,27.1,27.3,27.2,27.3,27.2,27.3,27.3,27.4,27.3,27.4,27.3,27.3,27.5,27.4,27.4,27.3,27.3,27.3,27.4,27.3,27.3,27.1,27.2,27.3,27.4,27.3,27.3,27.1,27.3,27.1,27.2,27.2,27.3,27.5,27.3,27.3,27.3,27.3,27.4,27.5,27.4,27.4,27.5,27.4,27.5,27.5,27.5,27.6,27.5,27.6,27.6,27.5,27.5,27.6,27.7,27.8,27.7,27.6,27.6,27.6,27.7,27.5,27.5,27.7,27.7,27.5,27.5,27.7,27.7,27.6,27.5,27.5,27.6,27.5,27.7,27.4,27.5,27.5,27.3,27.4,27.4,27.3,27.4,27.4,27.3,27.4,27.6,27.5,27.6,27.5,27.6,27.6,27.7,27.6,27.7,27.8,27.6,27.5,27.7,27.7,27.5,27.6,27.6,27.5,27.6,27.5,27.7,27.5,27.6,27.6,27.6,27.5,27.6,27.5,27.7,27.4,27.5,27.5,27.7,27.5,27.8,27.5,27.7,27.5,27.5,27.6,27.7,27.6,27.6,27.6,27.4,27.5,27.5,27.7,27.6,27.6,27.6,27.6,27.6,27.6,27.5,27.9,27.7
34,27.3,27.0,27.2,27.2,27.1,27.1,27.1,27.1,27.2,27.1,27.1,27.0,27.0,27.0,27.1,27.1,27.0,27.1,27.0,27.1,27.0,27.0,27.1,27.1,27.1,27.2,27.2,27.3,27.2,27.2,27.2,27.2,27.3,27.3,27.3,27.3,27.2,27.3,27.2,27.4,27.2,27.2,27.4,27.5,27.2,27.1,27.2,27.3,27.0,27.2,27.2,27.0,27.1,27.3,27.2,27.3,27.2,27.2,27.3,27.2,27.4,27.3,27.3,27.2,27.2,27.3,27.3,27.3,27.3,27.3,27.2,27.1,27.3,27.1,27.1,27.2,27.1,27.3,27.3,27.2,27.2,27.1,27.4,27.3,27.2,27.2,27.3,27.3,27.3,27.1,27.3,27.2,27.4,27.5,27.4,27.2,27.3,27.5,27.5,27.4,27.5,27.6,27.5,27.5,27.5,27.5,27.4,27.6,27.5,27.6,27.4,27.5,27.4,27.4,27.3,27.4,27.3,27.5,27.4,27.5,27.3,27.4,27.3,27.5,27.3,27.4,27.3,27.3,27.3,27.3,27.5,27.5,27.4,27.4,27.3,27.5,27.6,27.7,27.6,27.5,27.7,27.5,27.6,27.5,27.7,27.6,27.6,27.6,27.5,27.5,27.5,27.6,27.5,27.7,27.5,27.7,27.6,27.6,27.6,27.5,27.6,27.5,27.7,27.6,27.5,27.5,27.6,27.6,27.6,27.7,27.5,27.5,27.5,27.6,27.5,27.6,27.5,27.5,27.6,27.6,27.5,27.4,27.5,27.5,27.5,27.6,27.6,27.5,27.5,27.6,27.5,27.5
35,27.0,27.0,27.1,27.0,27.1,27.2,27.2,27.1,27.2,27.0,27.2,27.1,27.2,27.1,27.2,27.0,27.3,27.1,27.0,27.2,27.0,26.9,27.1,27.0,27.0,27.2,27.1,27.1,27.2,27.1,27.2,27.2,27.1,27.0,27.2,27.3,27.1,27.2,27.1,27.2,27.2,27.2,27.1,27.3,27.3,27.3,27.2,27.1,27.2,27.1,27.1,27.2,27.5,27.3,27.3,27.3,27.1,27.2,27.2,27.3,27.2,27.3,27.2,27.4,27.2,27.1,27.3,27.2,27.3,27.3,27.3,27.2,27.0,27.2,27.2,27.2,27.3,27.2,27.3,27.3,27.2,27.2,27.3,27.3,27.2,27.2,27.5,27.3,27.3,27.3,27.3,27.2,27.4,27.2,27.3,27.3,27.3,27.2,27.4,27.3,27.4,27.4,27.3,27.5,27.4,27.5,27.5,27.5,27.6,27.4,27.5,27.3,27.4,27.5,27.3,27.4,27.4,27.5,27.3,27.4,27.3,27.4,27.3,27.3,27.2,27.4,27.4,27.4,27.3,27.5,27.3,27.5,27.4,27.4,27.5,27.5,27.4,27.7,27.5,27.4,27.3,27.4,27.6,27.6,27.5,27.5,27.7,27.5,27.6,27.5,27.5,27.6,27.6,27.8,27.6,27.6,27.5,27.6,27.4,27.5,27.5,27.6,27.6,27.7,27.6,27.8,27.5,27.7,27.6,27.6,27.5,27.6,27.6,27.5,27.6,27.7,27.5,27.5,27.5,27.4,27.5,27.4,27.5,27.4,27.6,27.6,27.6,27.6,27.6,27.4,27.5,27.6
36,27.2,27.2,27.1,27.1,27.2,27.3,27.2,27.1,27.2,27.2,27.2,27.2,27.1,27.2,27.2,27.1,27.2,27.2,27.0,27.1,27.2,27.1,27.1,27.2,27.1,27.1,27.1,27.1,27.2,27.1,27.1,27.3,27.3,27.2,27.2,27.1,27.2,27.2,27.2,27.3,27.1,27.1,27.2,27.3,27.3,27.3,27.3,27.2,27.4,27.3,27.3,27.3,27.4,27.2,27.2,27.3,27.3,27.3,27.3,27.4,27.3,27.3,27.2,27.4,27.3,27.1,27.2,27.2,27.2,27.3,27.3,27.3,27.2,27.2,27.2,27.2,27.1,27.3,27.2,27.2,27.1,27.2,27.2,27.3,27.4,27.3,27.3,27.3,27.3,27.4,27.2,27.4,27.3,27.3,27.4,27.4,27.5,27.3,27.5,27.4,27.4,27.4,27.3,27.3,27.5,27.4,27.4,27.2,27.4,27.4,27.3,27.2,27.3,27.4,27.5,27.5,27.6,27.5,27.5,27.5,27.5,27.5,27.4,27.5,27.6,27.5,27.3,27.5,27.5,27.6,27.5,27.5,27.5,27.5,27.5,27.5,27.5,27.5,27.7,27.4,27.6,27.5,27.5,27.8,27.6,27.6,27.6,27.5,27.8,27.5,27.6,27.6,27.6,27.7,27.6,27.6,27.6,27.5,27.6,27.6,27.5,27.7,27.6,27.6,27.6,27.7,27.6,27.7,27.6,27.7,27.6,27.7,27.6,27.6,27.5,27.7,27.5,27.6,27.5,27.6,27.7,27.7,27.6,27.6,27.7,27.7,27.5,27.4,27.7,27.4,27.6,27.6
37,27.1,27.1,27.0,27.1,27.1,27.2,27.1,27.1,27.2,27.2,27.2,27.2,27.0,27.1,27.2,27.0,27.0,27.2,27.0,27.0,27.0,27.2,27.1,27.0,27.2,26.9,27.1,27.2,27.0,27.1,27.1,27.0,27.0,27.3,27.2,27.0,27.2,27.2,27.2,27.2,27.2,27.2,27.4,27.3,27.2,27.3,27.3,27.3,27.3,27.2,27.1,27.3,27.3,27.2,27.3,27.3,27.4,27.2,27.3,27.4,27.3,27.3,27.4,27.2,27.2,27.2,27.3,27.2,27.2,27.2,27.4,27.3,27.2,27.3,27.2,27.3,27.2,27.2,27.2,27.2,27.2,27.0,27.2,27.2,27.3,27.3,27.4,27.4,27.2,27.3,27.3,27.3,27.2,27.2,27.4,27.2,27.4,27.2,27.1,27.3,27.4,27.5,27.4,27.5,27.3,27.4,27.4,27.4,27.4,27.3,27.4,27.3,27.4,27.4,27.4,27.4,27.4,27.5,27.2,27.3,27.5,27.6,27.3,27.6,27.5,27.5,27.4,27.4,27.6,27.5,27.5,27.5,27.5,27.6,27.5,27.5,27.5,27.4,27.6,27.4,27.7,27.4,27.5,27.5,27.6,27.7,27.5,27.5,27.5,27.4,27.6,27.5,27.6,27.5,27.6,27.7,27.6,27.6,27.5,27.6,27.6,27.7,27.5,27.7,27.6,27.5,27.4,27.6,27.6,27.6,27.6,27.6,27.6,27.5,27.5,27.6,27.6,27.7,27.5,27.3,27.5,27.6,27.5,27.6,27.5,27.9,27.5,27.6,27.8,27.5,27.7,27.6
38,27.3,27.1,27.1,27.2,27.2,27.2,27.0,27.0,27.2,27.1,27.1,27.1,27.2,27.2,27.1,26.9,27.1,27.2,27.1,27.2,27.1,27.2,27.3,27.2,27.1,27.1,27.0,27.0,27.1,27.0,27.1,27.1,27.1,27.0,27.2,26.9,27.2,27.1,27.1,27.2,27.2,27.3,27.3,27.2,27.2,27.1,27.2,27.3,27.2,27.2,27.3,27.2,27.3,27.3,27.3,27.4,27.3,27.3,27.2,27.2,27.5,27.2,27.2,27.2,27.1,27.2,27.3,27.5,27.2,27.5,27.4,27.2,27.2,27.2,27.2,27.1,27.2,27.2,27.2,27.2,27.2,27.3,27.4,27.3,27.3,27.3,27.4,27.2,27.2,27.2,27.2,27.4,27.3,27.2,27.3,27.1,27.2,27.3,27.3,27.3,27.3,27.3,27.4,27.4,27.3,27.2,27.1,27.4,27.3,27.4,27.3,27.3,27.3,27.3,27.3,27.3,27.5,27.4,27.4,27.5,27.3,27.3,27.2,27.3,27.5,27.4,27.3,27.5,27.4,27.4,27.6,27.3,27.5,27.6,27.5,27.6,27.7,27.5,27.7,27.5,27.6,27.6,27.5,27.5,27.5,27.6,27.7,27.5,27.5,27.5,27.6,27.6,27.5,27.7,27.7,27.6,27.6,27.5,27.6,27.6,27.5,27.5,27.5,27.6,27.5,27.6,27.6,27.7,27.5,27.7,27.6,27.6,27.7,27.6,27.7,27.5,27.7,27.6,27.5,27.5,27.6,27.5,27.5,27.5,27.7,27.7,27.6,27.7,27.8,27.6,27.7,27.5
39,27.2,27.2,27.1,27.1,27.1,27.2,27.1,27.1,27.1,27.2,27.1,27.1,27.1,27.1,27.2,27.0,27.2,27.1,27.0,27.1,27.2,27.2,27.2,27.0,27.2,27.2,27.1,27.2,27.1,27.0,27.0,27.0,27.1,27.1,27.2,27.1,27.0,27.2,27.1,27.1,27.2,27.1,27.1,27.1,27.1,27.2,27.2,27.1,27.3,27.3,27.0,27.3,27.4,27.2,27.3,27.4,27.3,27.3,27.2,27.3,27.3,27.3,27.2,27.3,27.2,27.2,27.3,27.5,27.2,27.2,27.2,27.2,27.4,27.1,27.4,27.2,27.3,27.1,27.3,27.1,27.1,27.4,27.4,27.3,27.4,27.4,27.3,27.3,27.2,27.3,27.4,27.3,27.4,27.2,27.3,27.3,27.2,27.1,27.2,27.2,27.4,27.4,27.2,27.6,27.4,27.5,27.3,27.5,27.3,27.2,27.2,27.3,27.3,27.3,27.3,27.4,27.5,27.4,27.4,27.4,27.3,27.2,27.4,27.5,27.5,27.4,27.5,27.4,27.5,27.5,27.5,27.4,27.4,27.5,27.5,27.5,27.3,27.5,27.5,27.5,27.5,27.5,27.5,27.6,27.8,27.5,27.6,27.6,27.7,27.5,27.4,27.6,27.5,27.5,27.6,27.6,27.6,27.5,27.7,27.5,27.6,27.5,27.6,27.5,27.5,27.5,27.5,27.5,27.5,27.6,27.5,27.5,27.7,27.7,27.6,27.5,27.5,27.6,27.7,27.5,27.6,27.6,27.8,27.5,27.8,27.7,27.6,27.5,27.5,27.6,27.6,27.6
40,27.0,27.1,27.1,27.1,27.1,27.2,27.0,27.0,27.2,27.2,27.1,27.0,27.0,27.2,27.1,27.0,27.0,27.1,27.2,27.1,27.0,27.0,27.0,26.9,27.0,27.1,27.1,27.0,27.1,27.2,27.0,27.0,27.0,27.2,27.2,27.0,27.1,27.0,27.2,27.1,27.0,27.1,27.0,27.3,27.1,27.1,27.2,27.2,27.2,27.2,27.1,27.2,27.2,27.1,27.3,27.3,27.1,27.2,27.3,27.2,27.3,27.1,27.2,27.3,27.3,27.3,27.3,27.2,27.4,27.2,27.4,27.3,27.1,27.2,27.3,27.3,27.1,27.2,27.0,27.1,27.3,27.1,27.2,27.3,27.4,27.4,27.4,27.2,27.1,27.2,27.3,27.3,27.4,27.2,27.4,27.2,27.3,27.4,27.3,27.2,27.1,27.3,27.2,27.3,27.4,27.3,27.2,27.3,27.3,27.4,27.3,27.4,27.2,27.3,27.2,27.2,27.3,27.4,27.4,27.4,27.3,27.2,27.5,27.5,27.3,27.4,27.3,27.3,27.4,27.6,27.3,27.5,27.6,27.5,27.4,27.5,27.4,27.5,27.4,27.5,27.6,27.5,27.4,27.5,27.4,27.5,27.5,27.5,27.4,27.5,27.5,27.6,27.3,27.4,27.5,27.5,27.5,27.6,27.6,27.5,27.5,27.6,27.4,27.7,27.5,27.7,27.6,27.5,27.5,27.5,27.5,27.5,27.4,27.5,27.5,27.6,27.4,27.6,27.4,27.7,27.4,27.5,27.5,27.6,27.4,27.5,27.5,27.5,27.5,27.5,27.5,27.6
41,27.0,27.0,27.1,27.0,27.1,27.0,27.1,27.2,27.2,27.1,27.3,27.1,27.1,27.1,27.0,27.2,27.1,27.2,27.1,27.1,27.2,27.0,27.1,27.0,27.0,27.1,26.9,27.1,27.1,27.1,27.1,27.0,27.0,27.0,27.1,27.0,27.1,27.0,27.1,27.1,27.2,27.1,27.0,27.1,27.2,27.2,27.1,27.2,27.2,27.1,27.2,27.2,27.3,27.2,27.1,27.3,27.4,27.2,27.3,27.3,27.2,27.2,27.3,27.2,27.1,27.2,27.2,27.2,27.2,27.2,27.3,27.2,27.3,27.2,27.4,27.3,27.2,27.0,27.1,27.2,27.3,27.2,27.2,27.2,27.2,27.2,27.2,27.2,27.0,27.1,27.1,27.1,27.1,27.1,27.1,27.2,27.1,27.2,27.1,27.0,27.1,27.2,27.2,27.2,27.1,27.3,27.2,27.4,27.4,27.3,27.3,27.3,27.2,27.1,27.3,27.3,27.3,27.2,27.3,27.2,27.4,27.3,27.3,27.3,27.3,27.3,27.2,27.2,27.3,27.2,27.5,27.2,27.4,27.4,27.4,27.4,27.4,27.5,27.5,27.5,27.5,27.5,27.6,27.6,27.5,27.3,27.4,27.4,27.7,27.5,27.3,27.5,27.6,27.3,27.6,27.6,27.7,27.5,27.5,27.5,27.4,27.5,27.5,27.4,27.5,27.5,27.5,27.4,27.5,27.5,27.6,27.6,27.7,27.5,27.4,27.5,27.6,27.4,27.5,27.5,27.5,27.5,27.5,27.5,27.4,27.7,27.7,27.5,27.6,27.6,27.3,27.5
42,27.0,27.1,27.2,27.2,27.2,27.1,27.2,27.1,27.2,27.1,27.2,26.9,27.1,27.2,27.0,27.2,27.1,27.2,27.1,27.1,27.2,27.0,27.0,27.0,27.1,26.9,27.1,27.0,27.2,27.2,27.0,27.0,27.1,27.1,27.1,27.1,27.1,27.0,27.1,27.2,27.1,27.3,27.1,27.2,27.0,27.1,27.1,27.2,27.2,27.1,27.2,27.2,27.3,27.3,27.2,27.3,27.2,27.2,27.2,27.3,27.3,27.2,27.1,27.3,27.2,27.3,27.3,27.2,27.2,27.3,27.3,27.2,27.3,27.3,27.2,27.2,27.2,27.2,27.1,27.1,26.9,27.0,27.0,27.2,27.1,27.1,27.2,27.1,27.2,27.0,27.1,27.0,27.0,27.0,27.2,27.1,27.0,27.0,27.3,27.2,27.0,27.1,27.2,27.2,27.4,27.2,27.3,27.3,27.2,27.2,27.2,27.3,27.1,27.1,27.3,27.2,27.2,27.2,27.3,27.3,27.2,27.3,27.1,27.3,27.4,27.2,27.5,27.2,27.3,27.2,27.3,27.4,27.5,27.4,27.4,27.5,27.5,27.5,27.5,27.5,27.5,27.5,27.4,27.5,27.4,27.4,27.4,27.5,27.6,27.5,27.5,27.5,27.6,27.5,27.5,27.6,27.4,27.3,27.6,27.5,27.5,27.6,27.5,27.5,27.6,27.5,27.5,27.5,27.6,27.5,27.7,27.5,27.4,27.5,27.5,27.5,27.6,27.6,27.5,27.7,27.5,27.4,27.6,27.5,27.5,27.5,27.6,27.4,27.5,27.4,27.5,27.6
43,27.2,26.9,27.2,27.0,27.0,27.1,27.1,27.1,27.1,27.0,27.0,27.1,27.0,27.1,27.0,27.0,27.1,27.1,27.0,26.9,27.0,26.9,27.1,27.0,27.0,27.1,27.1,27.1,27.1,27.2,27.0,27.1,26.9,27.2,27.1,27.0,27.1,27.2,27.0,27.2,27.0,27.0,27.2,27.1,27.1,27.2,27.0,27.1,27.1,27.2,27.0,27.1,27.3,27.3,27.2,27.2,27.3,27.2,27.1,27.3,27.3,27.3,27.3,27.2,27.4,27.2,27.4,27.4,27.1,27.3,27.3,27.4,27.2,27.1,27.4,27.2,27.2,27.1,26.9,27.1,27.0,27.0,27.2,27.2,27.1,27.0,27.0,26.9,27.1,26.9,26.9,26.9,26.9,26.6,27.0,26.9,26.8,26.8,26.9,26.9,27.0,27.1,27.2,27.2,27.4,27.3,27.3,27.4,27.2,27.3,27.4,27.0,27.1,27.2,27.2,27.4,27.2,27.1,27.0,27.2,27.1,27.3,27.2,27.3,27.3,27.4,27.2,27.1,27.3,27.2,27.3,27.3,27.3,27.5,27.5,27.3,27.3,27.4,27.6,27.5,27.5,27.4,27.5,27.6,27.6,27.5,27.5,27.3,27.7,27.4,27.4,27.6,27.6,27.6,27.4,27.6,27.5,27.6,27.6,27.6,27.5,27.6,27.4,27.4,27.5,27.3,27.5,27.6,27.5,27.5,27.5,27.7,27.7,27.5,27.6,27.5,27.4,27.6,27.6,27.6,27.7,27.6,27.6,27.6,27.6,27.6,27.7,27.6,27.5,27.5,27.5,27.6
44,27.0,27.1,27.0,27.0,27.2,27.1,27.0,27.2,27.1,27.2,27.1,27.3,26.9,27.1,27.2,27.2,27.1,27.1,27.2,27.0,27.1,27.1,27.1,27.0,27.0,26.8,27.0,27.0,27.0,27.1,27.1,27.1,27.0,27.0,27.0,26.9,27.1,27.0,27.0,27.0,26.9,26.9,27.0,27.1,26.9,27.0,27.0,26.9,27.2,27.0,27.1,27.0,27.1,27.1,27.2,27.1,27.3,27.1,27.1,27.1,27.1,27.3,27.3,27.0,27.2,27.2,27.2,27.3,27.3,27.2,27.3,27.3,27.4,27.1,27.2,27.0,27.0,26.8,27.1,26.8,26.9,26.9,27.1,27.0,27.0,27.0,26.9,26.8,26.9,26.9,26.8,26.9,26.9,26.8,26.9,26.8,26.8,26.8,26.8,26.9,27.0,27.1,27.0,27.2,27.1,27.2,27.2,27.3,27.2,27.2,27.1,27.2,27.2,27.2,27.0,27.0,27.2,27.2,27.1,27.2,27.0,27.1,27.0,27.2,27.2,27.1,27.2,27.1,27.1,27.1,27.2,27.2,27.4,27.3,27.2,27.4,27.4,27.2,27.2,27.4,27.4,27.6,27.4,27.5,27.5,27.5,27.4,27.5,27.3,27.5,27.4,27.4,27.5,27.6,27.6,27.5,27.6,27.5,27.6,27.5,27.4,27.5,27.4,27.4,27.4,27.6,27.5,27.4,27.5,27.6,27.6,27.5,27.7,27.6,27.6,27.5,27.6,27.5,27.4,27.7,27.4,27.5,27.5,27.5,27.5,27.7,27.3,27.4,27.7,27.5,27.5,27.6
45,27.1,27.0,27.0,27.0,27.2,27.0,26.9,27.0,27.1,27.0,27.1,27.2,27.1,27.0,27.2,26.9,27.0,27.2,27.1,27.0,27.1,26.9,27.0,27.2,27.1,27.0,27.0,27.1,27.0,27.0,27.1,27.0,27.1,27.2,27.1,27.0,27.1,26.9,26.9,27.0,27.0,27.0,26.8,27.0,26.8,27.0,26.9,27.1,26.9,27.0,27.0,27.1,27.1,27.1,27.0,27.1,27.2,27.0,27.0,26.9,26.9,27.1,27.0,26.8,27.0,27.1,27.1,27.2,27.3,27.5,27.2,27.3,27.4,27.3,27.3,27.2,26.9,27.0,26.9,26.8,26.7,26.9,26.7,26.9,26.8,26.8,26.8,26.9,26.8,26.7,26.9,26.8,26.8,26.7,26.7,26.8,26.8,26.7,26.7,26.8,26.8,26.7,27.0,27.2,27.3,27.4,27.2,27.1,27.2,27.1,27.1,27.0,27.0,27.0,27.0,27.0,27.0,27.0,27.0,27.0,26.8,26.9,27.0,26.9,27.0,27.1,27.0,27.0,27.0,27.1,27.2,26.9,27.2,27.2,27.1,27.2,27.2,27.3,27.2,27.3,27.5,27.4,27.3,27.5,27.6,27.4,27.3,27.3,27.4,27.5,27.7,27.4,27.4,27.5,27.5,27.4,27.5,27.3,27.5,27.5,27.5,27.6,27.5,27.5,27.4,27.6,27.6,27.5,27.5,27.4,27.5,27.6,27.5,27.5,27.4,27.5,27.5,27.6,27.6,27.4,27.5,27.6,27.6,27.6,27.5,27.7,27.6,27.6,27.6,27.6,27.6,27.5
46,27.0,27.0,27.1,27.0,27.2,27.1,26.9,27.1,26.9,27.2,27.0,27.2,27.4,27.1,27.2,27.0,27.2,27.1,27.1,27.0,27.1,27.0,27.1,27.0,27.0,27.1,27.2,27.2,27.0,27.0,27.1,27.0,27.1,27.0,27.2,27.0,27.1,27.1,26.9,26.9,27.1,26.9,26.8,26.9,26.8,27.0,26.8,27.0,26.8,26.9,26.8,26.9,27.0,27.0,26.9,26.9,26.9,27.0,27.0,26.9,27.0,27.2,27.0,27.0,27.0,26.9,27.3,27.2,27.3,27.2,27.3,27.3,27.3,27.2,27.2,27.0,26.9,26.9,26.8,26.9,26.9,26.7,26.8,26.8,26.8,27.0,27.0,26.9,26.8,26.8,26.8,26.8,26.9,26.8,26.8,26.8,26.8,26.7,26.8,26.7,26.8,27.0,27.0,27.0,27.2,27.2,27.2,27.2,27.2,27.2,27.1,27.0,26.9,26.8,26.8,26.8,27.0,26.8,26.8,26.7,26.8,26.8,26.8,26.8,26.8,26.8,26.8,27.0,26.8,27.2,27.0,27.0,27.1,27.0,27.1,27.1,27.1,27.0,27.2,27.4,27.5,27.6,27.5,27.5,27.5,27.5,27.4,27.4,27.5,27.5,27.5,27.4,27.4,27.4,27.5,27.4,27.5,27.3,27.5,27.5,27.5,27.4,27.5,27.4,27.5,27.5,27.6,27.7,27.5,27.5,27.5,27.5,27.7,27.6,27.6,27.6,27.6,27.5,27.5,27.5,27.5,27.6,27.6,27.6,27.6,27.7,27.6,27.5,27.5,27.6,27.5,27.6
47,27.1,27.0,26.9,27.0,27.0,27.0,27.2,27.0,27.0,27.2,27.2,27.2,27.2,27.1,27.2,27.1,27.1,27.2,27.2,27.1,27.2,27.0,27.0,27.1,27.1,27.0,27.0,27.0,27.1,27.2,27.1,27.1,27.2,27.1,27.0,27.1,27.1,26.8,26.8,26.8,26.8,26.9,26.9,26.9,26.8,26.8,26.8,26.9,26.9,26.8,26.8,26.9,26.7,26.6,26.9,26.8,26.8,26.7,26.8,26.8,26.8,26.8,27.0,26.9,26.8,26.9,27.1,27.2,27.3,27.4,27.4,27.3,27.5,27.4,27.3,27.1,27.0,26.8,26.9,26.8,26.9,26.8,26.8,26.6,26.8,26.8,26.9,26.9,26.8,26.9,26.8,26.7,26.8,26.6,26.8,26.8,26.8,26.7,26.7,26.8,26.8,26.9,27.1,27.3,27.2,27.2,27.3,27.4,27.3,27.3,27.1,27.0,26.8,26.9,26.8,26.9,26.7,26.7,26.9,26.8,26.8,26.8,26.8,26.8,26.8,26.8,26.8,26.8,26.7,27.0,26.8,27.0,26.8,26.9,26.8,26.8,26.9,27.1,27.2,27.5,27.4,27.5,27.5,27.3,27.7,27.5,27.4,27.5,27.5,27.4,27.5,27.4,27.5,27.5,27.6,27.5,27.5,27.6,27.4,27.5,27.5,27.6,27.4,27.5,27.5,27.6,27.5,27.6,27.4,27.5,27.4,27.5,27.6,27.7,27.7,27.5,27.5,27.6,27.7,27.4,27.6,27.6,27.6,27.6,27.5,27.6,27.5,27.7,27.7,27.5,27.5,27.7
48,27.0,27.1,26.9,27.1,27.2,27.1,27.1,27.1,27.2,27.3,27.2,27.1,27.2,27.2,27.1,26.9,27.1,27.0,27.1,27.1,27.2,27.0,27.0,27.1,27.0,27.2,27.0,27.1,27.2,27.2,27.1,27.2,27.1,27.2,27.2,27.0,27.1,26.9,26.8,26.6,26.6,26.7,26.8,26.8,26.8,26.6,26.6,26.6,26.8,26.7,26.6,26.7,26.8,26.6,26.8,26.5,26.6,26.7,26.7,26.7,26.8,26.8,26.8,26.8,26.8,26.9,26.9,27.2,27.2,27.4,27.3,27.2,27.3,27.3,27.2,27.0,27.0,26.9,26.8,26.7,26.6,26.8,26.7,26.9,27.0,26.8,26.8,26.8,26.8,26.8,26.8,26.7,26.8,26.7,26.7,26.9,26.8,26.8,26.8,26.8,26.8,26.8,27.0,27.2,27.2,27.2,27.3,27.5,27.6,27.5,27.1,27.0,26.8,26.8,26.9,26.6,26.9,27.0,26.8,26.8,26.7,26.7,26.6,26.7,26.8,26.8,26.8,26.7,26.7,26.9,26.8,26.8,26.7,26.8,26.8,26.7,26.8,27.0,27.2,27.4,27.3,27.5,27.4,27.5,27.5,27.5,27.6,27.5,27.6,27.5,27.6,27.5,27.6,27.5,27.5,27.5,27.7,27.7,27.5,27.5,27.5,27.5,27.5,27.5,27.5,27.6,27.5,27.6,27.5,27.7,27.5,27.4,27.4,27.6,27.6,27.8,27.6,27.6,27.4,27.7,27.5,27.6,27.5,27.6,27.7,27.5,27.5,27.5,27.7,27.5,27.6,27.6
49,27.0,27.0,27.0,27.2,27.0,27.0,27.0,27.2,27.2,27.2,27.1,27.1,27.2,27.2,27.1,27.2,27.2,27.2,27.0,27.1,27.1,26.9,27.0,27.0,26.9,27.1,27.0,27.1,27.2,27.0,27.0,27.2,27.0,27.1,27.2,27.1,27.0,26.9,26.8,26.7,26.6,26.6,26.5,26.5,26.7,26.7,26.7,26.7,26.8,26.7,26.5,26.6,26.6,26.7,26.7,26.7,26.6,26.6,26.6,26.6,26.6,26.6,26.6,26.7,26.7,26.9,27.0,27.1,27.2,27.4,27.3,27.2,27.2,27.2,27.1,27.2,26.8,26.8,26.6,26.6,26.7,26.7,26.9,26.6,26.8,26.7,26.9,26.8,26.8,26.8,26.7,26.9,26.9,26.6,26.7,26.6,26.7,26.8,26.8,26.6,26.9,26.9,26.9,27.1,27.3,27.2,27.4,27.5,27.7,27.4,27.3,27.0,26.8,26.8,26.7,26.6,26.8,26.9,26.7,26.8,26.6,26.7,26.8,26.7,26.6,26.7,26.7,26.7,26.6,26.7,26.6,26.7,26.9,26.8,26.7,26.8,26.8,27.0,27.2,27.2,27.2,27.4,27.3,27.5,27.6,27.5,27.5,27.6,27.2,27.5,27.3,27.6,27.5,27.4,27.5,27.5,27.6,27.6,27.5,27.4,27.4,27.6,27.4,27.4,27.4,27.4,27.5,27.5,27.5,27.6,27.5,27.4,27.6,27.5,27.7,27.6,27.4,27.5,27.6,27.6,27.5,27.5,27.7,27.5,27.4,27.5,27.4,27.5,27.4,27.4,27.5,27.5
50,26.9,27.1,26.9,27.2,27.2,27.1,27.2,27.1,27.1,27.1,27.2,26.9,27.3,27.2,27.1,27.1,27.2,27.1,27.2,27.2,27.0,27.0,27.2,27.0,27.2,27.0,27.1,27.0,27.0,27.0,27.1,27.1,27.0,27.1,27.1,27.0,26.9,26.8,26.8,26.6,26.7,26.7,26.8,26.8,26.6,26.6,26.7,26.6,26.7,26.5,26.4,26.7,26.6,26.6,26.6,26.6,26.6,26.6,26.5,26.7,26.6,26.5,26.6,26.5,26.8,26.9,27.0,27.2,27.2,27.2,27.2,27.3,27.4,27.2,27.2,27.1,27.0,26.8,26.7,26.8,26.8,26.8,26.9,26.9,26.8,26.8,26.8,26.9,26.8,26.8,26.7,26.7,26.8,26.8,26.8,26.8,26.8,26.8,26.8,26.7,26.8,27.0,27.1,27.3,27.3,27.3,27.4,27.5,27.8,27.7,27.3,27.0,26.8,26.8,26.8,26.9,26.6,26.7,26.7,26.7,26.7,26.8,26.7,26.7,26.7,26.7,26.6,26.7,26.8,26.7,26.7,26.7,26.6,26.7,26.7,26.7,26.7,27.0,27.2,27.3,27.3,27.5,27.4,27.5,27.6,27.5,27.5,27.3,27.5,27.6,27.4,27.5,27.4,27.6,27.5,27.6,27.5,27.5,27.3,27.6,27.5,27.6,27.6,27.5,27.5,27.6,27.6,27.5,27.5,27.5,27.5,27.5,27.6,27.5,27.6,27.5,27.5,27.5,27.7,27.3,27.4,27.5,27.5,27.4,27.4,27.7,27.5,27.5,27.6,27.5,27.6,27.5
51,27.1,27.0,26.9,26.9,27.2,27.0,27.2,27.1,27.2,27.1,27.2,27.1,27.0,27.4,27.3,27.2,27.2,27.2,27.2,27.2,27.2,27.1,27.2,27.0,27.0,27.0,27.1,27.0,27.0,27.1,27.0,27.2,27.0,27.1,27.0,27.0,26.9,26.8,26.8,26.5,26.6,26.8,26.5,26.6,26.6,26.5,26.6,26.6,26.6,26.4,26.5,26.6,26.6,26.6,26.7,26.6,26.7,26.7,26.6,26.7,26.5,26.6,26.7,26.7,26.8,26.8,26.8,27.1,27.2,27.2,27.2,27.2,27.0,27.0,27.0,27.0,26.7,26.8,26.7,26.8,26.8,26.6,26.6,26.7,26.7,26.8,26.6,26.8,26.8,26.7,26.7,26.7,26.8,26.8,26.7,26.9,26.7,26.7,26.6,26.6,26.8,27.0,27.2,27.2,27.2,27.2,27.2,27.5,27.8,27.7,27.2,26.9,26.8,26.7,26.7,26.8,26.8,26.6,26.6,26.8,26.6,26.6,26.5,26.6,26.6,26.7,26.6,26.7,26.7,26.8,26.7,26.8,26.7,26.7,26.7,26.9,27.0,26.9,27.2,27.2,27.1,27.4,27.3,27.4,27.3,27.6,27.5,27.5,27.5,27.5,27.3,27.5,27.5,27.5,27.4,27.5,27.4,27.5,27.4,27.6,27.5,27.6,27.5,27.5,27.6,27.5,27.4,27.5,27.5,27.6,27.6,27.4,27.6,27.7,27.4,27.5,27.6,27.4,27.5,27.4,27.4,27.6,27.5,27.5,27.4,27.5,27.5,27.5,27.5,27.5,27.6,27.5
52,27.0,27.2,27.0,27.0,27.0,27.1,27.1,27.0,27.2,27.2,27.3,27.1,27.2,27.1,27.2,27.0,27.1,27.2,27.1,27.0,27.2,27.0,27.2,27.0,27.0,27.1,27.2,27.0,26.9,26.9,27.0,27.1,26.9,27.1,27.0,27.1,26.9,26.9,26.7,26.5,26.4,26.6,26.7,26.6,26.6,26.6,26.6,26.7,26.6,26.6,26.5,26.7,26.6,26.4,26.6,26.5,26.6,26.6,26.6,26.6,26.5,26.7,26.6,26.6,26.7,26.8,27.0,27.0,27.2,27.1,27.2,27.1,27.1,27.2,27.1,26.8,26.8,26.7,26.8,26.6,26.8,26.8,26.8,26.8,27.0,26.6,26.8,26.7,26.7,26.8,26.9,26.8,26.9,26.9,26.8,26.5,26.6,26.8,26.6,26.6,26.8,26.9,27.1,27.1,27.3,27.3,27.6,27.4,27.3,27.1,27.0,26.8,26.6,26.7,26.6,26.7,26.8,26.8,26.6,26.8,26.6,26.6,26.6,26.6,26.7,26.6,26.7,26.7,26.7,26.7,26.8,26.7,26.8,26.7,26.6,26.9,26.8,27.0,27.2,27.3,27.4,27.3,27.4,27.4,27.5,27.3,27.5,27.5,27.3,27.5,27.4,27.4,27.5,27.4,27.5,27.6,27.4,27.4,27.5,27.5,27.5,27.6,27.2,27.4,27.4,27.4,27.4,27.3,27.4,27.5,27.6,27.5,27.5,27.6,27.7,27.3,27.6,27.5,27.6,27.6,27.4,27.4,27.5,27.3,27.5,27.6,27.5,27.6,27.6,27.6,27.6,27.6
53,27.2,27.2,26.9,26.9,27.0,27.1,27.1,27.0,27.1,27.1,27.0,27.2,27.2,27.2,27.1,27.1,27.1,27.1,27.1,27.1,27.2,27.2,27.1,27.2,27.0,27.0,27.1,27.1,27.0,27.0,27.0,27.0,26.9,27.0,26.9,26.9,26.8,26.9,26.7,26.6,26.6,26.7,26.6,26.6,26.5,26.6,26.7,26.6,26.6,26.6,26.6,26.8,26.7,26.6,26.6,26.6,26.6,26.5,26.7,26.6,26.7,26.8,26.7,26.6,26.8,26.8,26.8,27.1,27.0,27.0,27.0,27.1,27.0,27.1,27.0,26.9,26.8,26.7,26.7,26.7,26.7,26.6,26.7,26.8,26.7,26.7,26.7,26.8,26.7,26.7,26.6,26.8,26.8,26.7,26.8,26.6,26.6,26.6,26.8,26.6,26.6,27.0,27.0,27.2,27.3,27.3,27.5,27.6,27.2,27.2,27.0,26.8,26.7,26.8,26.8,26.7,26.7,26.8,26.7,26.8,26.6,26.6,26.7,26.8,26.8,26.7,26.7,26.6,26.6,26.7,26.7,26.7,26.7,26.7,26.6,26.6,27.0,27.2,27.0,27.2,27.2,27.5,27.2,27.3,27.4,27.2,27.4,27.4,27.2,27.3,27.4,27.5,27.3,27.4,27.5,27.6,27.4,27.4,27.5,27.5,27.4,27.5,27.4,27.4,27.5,27.5,27.6,27.5,27.3,27.5,27.4,27.5,27.5,27.4,27.5,27.4,27.4,27.5,27.4,27.5,27.5,27.4,27.4,27.5,27.5,27.7,27.4,27.4,27.6,27.5,27.7,27.6
54,26.9,27.0,27.1,26.9,27.0,27.0,27.0,27.1,27.0,27.1,27.1,27.1,27.2,27.1,27.2,27.1,27.1,27.1,27.2,27.3,27.1,27.1,27.1,27.2,27.1,27.2,27.1,27.0,27.1,27.1,27.1,27.1,27.0,27.0,27.0,27.0,26.9,27.0,26.5,26.6,26.5,26.8,26.6,26.7,26.4,26.6,26.5,26.6,26.7,26.6,26.6,26.5,26.6,26.6,26.6,26.6,26.7,26.5,26.6,26.7,26.6,26.7,26.6,26.5,26.8,26.9,26.7,27.0,27.0,27.0,27.1,27.0,26.9,26.9,27.0,26.8,26.9,26.7,26.7,26.8,26.8,26.7,26.7,26.7,26.7,26.8,26.7,26.7,26.9,26.6,26.7,26.5,26.8,26.7,26.7,26.7,26.6,26.8,26.7,26.6,26.7,26.9,27.0,27.2,27.3,27.7,27.9,27.9,27.4,27.2,26.9,26.8,26.7,26.8,26.8,26.6,26.8,26.6,26.6,26.8,26.6,26.7,26.7,26.7,26.6,26.6,26.5,26.8,26.7,26.6,26.8,26.7,26.8,26.7,26.7,26.8,26.8,27.1,27.2,27.2,27.2,27.3,27.3,27.2,27.5,27.4,27.4,27.4,27.4,27.5,27.3,27.4,27.4,27.3,27.3,27.6,27.4,27.3,27.3,27.5,27.5,27.5,27.3,27.4,27.5,27.4,27.4,27.4,27.5,27.5,27.5,27.5,27.5,27.5,27.5,27.5,27.5,27.5,27.4,27.4,27.4,27.5,27.2,27.5,27.5,27.3,27.5,27.6,27.6,27.6,27.5,27.7
55,27.0,27.1,27.2,27.0,27.0,27.1,27.1,27.0,27.2,27.0,27.2,27.0,27.1,27.2,27.2,27.2,27.2,27.2,27.3,27.3,27.3,27.2,27.2,27.2,27.0,27.2,27.1,27.0,27.3,26.9,27.1,27.1,27.0,27.1,27.1,27.0,27.0,26.9,26.7,26.5,26.6,26.5,26.5,26.7,26.7,26.7,26.7,26.6,26.7,26.5,26.5,26.7,26.6,26.6,26.6,26.5,26.7,26.7,26.6,26.7,26.6,26.6,26.6,26.6,26.8,26.9,27.0,26.9,26.8,27.0,27.2,26.9,26.7,26.7,26.8,26.8,26.7,26.6,26.8,26.7,26.7,26.8,26.8,26.8,26.7,26.7,26.7,26.8,26.8,26.8,26.7,26.7,26.8,26.8,27.0,26.7,26.7,26.7,26.8,26.8,26.7,26.9,27.2,27.1,27.3,27.7,28.3,28.0,27.5,27.2,27.0,26.8,26.7,26.8,26.7,26.7,26.6,26.7,26.8,26.7,26.7,26.8,26.6,26.7,26.7,26.8,26.7,26.8,26.6,26.7,26.7,26.7,26.7,26.7,26.7,26.6,26.9,27.0,27.0,27.3,27.2,27.3,27.2,27.2,27.3,27.2,27.4,27.4,27.3,27.5,27.5,27.3,27.4,27.5,27.4,27.5,27.4,27.4,27.5,27.3,27.6,27.6,27.6,27.4,27.3,27.5,27.4,27.5,27.4,27.4,27.5,27.6,27.6,27.3,27.7,27.5,27.3,27.5,27.4,27.3,27.3,27.6,27.6,27.6,27.5,27.5,27.5,27.5,27.5,27.7,27.6,27.7
56,27.0,26.9,27.0,27.0,27.0,27.2,27.0,27.2,27.0,27.2,27.2,27.0,27.2,27.2,27.2,27.3,27.2,27.2,27.2,27.2,27.2,27.2,27.4,27.3,27.2,27.2,27.1,27.2,27.1,27.1,27.1,27.2,26.8,27.0,27.0,27.0,26.9,26.9,26.7,26.6,26.5,26.6,26.5,26.7,26.6,26.5,26.7,26.7,26.7,26.6,26.5,26.6,26.7,26.7,26.7,26.6,26.6,26.6,26.5,26.6,26.7,26.4,26.6,26.6,26.7,26.8,27.0,26.8,27.0,26.9,27.1,26.8,26.9,26.6,26.8,26.8,26.9,26.7,26.8,26.8,26.8,26.6,26.8,26.8,26.7,26.8,26.6,26.6,26.6,26.8,26.7,26.8,26.8,26.7,26.8,26.8,26.7,26.8,26.7,26.8,26.8,26.7,26.9,27.1,27.1,27.5,27.9,27.7,27.2,27.0,26.9,26.8,26.7,26.7,26.8,26.7,26.8,26.8,26.8,26.8,26.6,26.6,26.6,26.7,26.7,26.6,26.8,26.6,26.6,26.6,26.7,26.4,26.6,26.4,26.7,26.8,26.9,27.0,27.2,27.2,27.4,27.3,27.2,27.3,27.4,27.4,27.5,27.2,27.4,27.4,27.2,27.3,27.3,27.3,27.5,27.3,27.4,27.5,27.4,27.5,27.5,27.5,27.4,27.5,27.5,27.6,27.4,27.5,27.4,27.4,27.4,27.4,27.4,27.5,27.4,27.4,27.4,27.3,27.2,27.3,27.5,27.5,27.5,27.5,27.6,27.5,27.5,27.6,27.5,27.6,27.6,27.6
57,26.9,27.0,27.0,27.2,27.1,27.2,27.0,26.9,27.1,27.1,27.0,27.0,27.1,27.1,27.2,27.1,27.2,27.3,27.2,27.1,27.2,27.3,27.2,27.1,27.2,27.2,27.2,27.2,27.2,27.1,27.1,27.2,27.2,27.2,27.1,27.0,26.9,26.9,26.7,26.6,26.6,26.8,26.6,26.7,26.7,26.7,26.6,26.6,26.6,26.6,26.6,26.6,26.7,26.7,26.6,26.5,26.7,26.7,26.6,26.7,26.6,26.6,26.8,26.7,26.6,26.8,27.0,26.9,27.0,26.9,27.0,26.9,26.9,26.7,26.7,26.7,26.8,26.8,26.8,26.7,26.9,26.7,26.7,26.7,26.7,26.8,26.9,26.9,26.8,26.9,26.7,26.8,26.7,26.8,26.7,26.8,26.7,26.8,26.5,26.8,26.6,26.8,26.9,26.9,27.1,27.3,27.3,27.2,27.2,27.0,27.0,26.9,26.8,26.8,26.7,26.8,26.7,26.9,26.7,26.6,26.6,26.7,26.8,26.6,26.8,26.6,26.8,26.7,26.5,26.8,26.6,26.8,26.9,26.8,26.6,26.9,26.8,27.0,27.2,27.1,27.2,27.3,27.2,27.2,27.3,27.4,27.3,27.3,27.4,27.3,27.3,27.3,27.4,27.4,27.3,27.4,27.5,27.4,27.5,27.5,27.6,27.5,27.5,27.3,27.5,27.5,27.5,27.5,27.7,27.5,27.5,27.5,27.5,27.4,27.6,27.4,27.5,27.4,27.2,27.3,27.5,27.5,27.4,27.5,27.5,27.5,27.5,27.5,27.7,27.6,27.6,27.8
58,26.9,27.0,27.2,27.2,27.2,27.1,27.0,27.0,27.1,26.9,27.0,27.0,27.1,27.1,27.1,27.1,27.1,27.1,27.1,27.2,27.1,27.0,27.1,27.2,27.0,27.1,27.1,27.1,27.0,27.2,27.0,27.0,27.0,26.9,27.0,27.0,26.8,26.8,26.7,26.4,26.6,26.6,26.6,26.6,26.7,26.6,26.5,26.6,26.6,26.7,26.6,26.6,26.6,26.7,26.6,26.6,26.6,26.6,26.7,26.4,26.6,26.6,26.6,26.7,26.7,26.8,26.9,26.9,26.9,27.0,26.8,26.8,26.8,26.9,26.8,26.7,26.7,26.7,26.7,26.8,26.7,26.8,26.9,26.7,26.8,26.7,26.6,26.7,26.8,26.8,26.7,26.7,26.8,26.6,26.7,26.9,26.8,26.6,26.8,26.8,26.7,26.8,26.8,26.8,26.9,26.9,27.0,26.8,26.9,26.8,26.8,26.8,26.8,26.8,26.5,26.8,26.7,26.8,26.6,26.6,26.8,26.7,26.8,26.8,26.7,26.7,26.7,26.7,26.7,26.6,26.7,26.8,26.7,26.7,26.7,26.7,26.9,27.2,27.3,27.2,27.3,27.3,27.3,27.2,27.3,27.1,27.3,27.3,27.2,27.3,27.3,27.2,27.4,27.4,27.5,27.4,27.4,27.2,27.2,27.5,27.4,27.5,27.4,27.4,27.4,27.4,27.3,27.5,27.5,27.6,27.5,27.3,27.5,27.4,27.3,27.5,27.3,27.2,27.3,27.4,27.5,27.5,27.3,27.6,27.4,27.5,27.5,27.4,27.6,27.5,27.5,27.7
59,27.2,27.1,27.0,27.2,27.1,27.1,27.2,27.1,27.1,27.0,27.2,27.1,27.2,27.1,27.2,27.1,27.2,27.2,27.2,27.2,27.4,27.1,27.2,27.3,27.2,27.2,27.2,27.2,27.1,27.1,27.2,27.0,27.1,27.0,27.1,27.1,26.9,26.9,26.7,26.7,26.6,26.8,26.5,26.7,26.4,26.6,26.7,26.7,26.8,26.7,26.6,26.6,26.6,26.5,26.7,26.4,26.6,26.6,26.6,26.7,26.6,26.7,26.6,26.7,26.7,26.9,26.9,27.0,26.9,26.8,26.8,26.8,26.9,26.9,26.8,26.8,26.8,26.7,26.7,26.7,26.7,26.8,26.8,26.6,26.7,26.8,26.8,26.7,26.9,26.8,27.0,26.7,26.8,26.7,26.7,26.8,26.7,26.7,26.7,26.6,26.5,26.7,26.9,26.7,27.0,26.8,26.9,26.8,26.8,26.8,26.7,26.6,26.6,26.7,26.8,26.6,26.8,26.8,26.7,26.8,26.5,26.6,26.6,26.7,26.7,26.7,26.7,26.7,26.7,26.8,26.8,26.6,26.7,26.6,26.8,26.7,26.9,27.1,27.2,27.2,27.3,27.2,27.2,27.1,27.1,27.2,27.3,27.2,27.3,27.2,27.3,27.3,27.3,27.2,27.5,27.3,27.3,27.3,27.3,27.5,27.5,27.6,27.2,27.5,27.5,27.6,27.6,27.4,27.5,27.2,27.5,27.5,27.5,27.5,27.4,27.4,27.6,27.2,27.3,27.4,27.4,27.3,27.6,27.4,27.5,27.5,27.5,27.6,27.5,27.7,27.7,27.6
60,27.2,27.4,27.1,27.2,27.1,27.1,27.1,27.1,27.2,27.1,27.1,27.0,27.1,27.2,27.1,27.1,27.2,27.2,27.0,27.2,27.3,27.2,27.2,27.1,27.1,27.2,27.2,27.2,27.2,27.2,27.2,27.2,27.1,27.1,27.0,26.9,26.9,26.9,26.8,26.8,26.6,26.6,26.7,26.5,26.6,26.7,26.5,26.7,26.6,26.5,26.5,26.6,26.7,26.7,26.6,26.7,26.6,26.7,26.6,26.5,26.6,26.7,26.6,26.6,26.9,27.0,27.1,27.0,27.0,26.9,26.7,26.8,26.9,26.8,26.8,26.7,26.7,26.7,26.8,26.9,26.8,26.8,26.8,26.7,26.8,26.7,26.8,26.8,26.8,26.7,26.7,26.8,26.7,26.7,26.7,26.8,26.7,26.7,26.8,26.7,26.7,26.7,26.8,26.8,26.7,26.8,26.8,26.7,26.6,26.9,26.9,26.8,26.7,26.8,26.6,26.6,26.7,26.7,26.7,26.7,26.7,26.7,26.6,26.6,26.7,26.8,26.7,26.8,26.6,26.8,26.6,26.6,26.7,26.7,26.6,26.8,26.9,27.1,27.1,27.3,27.2,27.4,27.3,27.3,27.2,27.2,27.3,27.4,27.3,27.2,27.1,27.2,27.2,27.3,27.5,27.3,27.4,27.4,27.4,27.4,27.4,27.4,27.4,27.4,27.3,27.4,27.4,27.4,27.5,27.5,27.5,27.4,27.3,27.5,27.5,27.4,27.4,27.3,27.3,27.4,27.3,27.4,27.5,27.5,27.4,27.6,27.5,27.7,27.6,27.5,27.7,27.6
61,27.1,27.0,27.1,26.9,27.1,27.0,27.1,27.1,27.0,27.0,27.1,27.0,27.1,27.0,27.0,27.0,27.2,27.1,27.2,27.2,27.2,27.2,27.2,27.1,27.1,27.4,27.2,27.2,27.1,27.1,27.2,27.1,27.0,27.0,27.2,27.0,26.8,26.9,26.7,26.7,26.6,26.5,26.3,26.6,26.6,26.4,26.6,26.7,26.6,26.6,26.5,26.6,26.6,26.4,26.5,26.5,26.7,26.6,26.6,26.7,26.5,26.7,26.7,26.6,26.8,27.0,26.9,27.1,27.0,26.8,26.9,26.6,26.8,26.6,26.8,26.8,26.8,26.8,26.7,26.7,26.8,26.7,26.7,26.7,26.7,26.7,26.7,26.7,26.7,26.6,26.6,26.7,26.8,26.7,26.8,26.8,26.7,26.6,26.8,26.8,26.8,26.9,26.7,26.8,26.7,26.8,26.7,26.7,26.8,26.8,26.7,26.7,26.8,26.6,26.7,26.6,26.8,26.8,26.8,26.8,26.7,26.6,26.6,26.7,26.6,26.6,26.7,26.6,26.7,26.6,26.7,26.7,26.8,26.9,26.5,26.8,26.8,27.1,27.1,27.3,27.2,27.4,27.3,27.5,27.1,27.3,27.2,27.4,27.3,27.4,27.2,27.2,27.2,27.4,27.2,27.4,27.4,27.4,27.4,27.4,27.5,27.5,27.2,27.5,27.4,27.4,27.3,27.5,27.5,27.5,27.3,27.6,27.5,27.5,27.4,27.4,27.3,27.5,27.2,27.5,27.5,27.4,27.5,27.5,27.5,27.5,27.5,27.5,27.6,27.7,27.7,27.5
62,27.1,27.1,27.2,27.0,27.1,27.0,27.1,27.1,27.0,27.0,27.1,27.0,27.1,27.0,27.0,27.0,27.2,27.2,27.0,27.1,27.1,27.2,27.2,26.9,27.1,27.2,27.1,27.1,27.2,27.1,27.1,27.2,27.0,27.3,27.0,27.1,26.9,26.9,26.7,26.6,26.5,26.5,26.6,26.7,26.6,26.6,26.6,26.6,26.4,26.5,26.7,26.5,26.6,26.6,26.6,26.7,26.5,26.6,26.6,26.6,26.6,26.6,26.6,26.8,26.7,26.9,27.0,27.0,26.9,26.9,26.8,27.0,26.8,26.5,26.9,26.8,26.6,26.7,26.7,26.6,26.7,26.7,26.7,26.8,26.8,26.7,26.8,26.9,26.7,26.7,26.7,26.7,26.7,26.8,26.7,26.9,26.7,26.8,26.7,26.8,26.6,26.8,26.8,26.7,26.8,26.8,26.8,26.6,26.8,26.8,26.8,26.7,26.5,26.7,26.7,26.8,26.6,26.7,26.7,26.6,26.6,26.5,26.7,26.7,26.7,26.7,26.5,26.8,26.8,26.5,26.6,26.8,26.6,26.6,26.6,26.6,26.7,26.9,27.2,27.3,27.2,27.2,27.2,27.2,27.1,27.1,27.0,27.3,27.2,27.3,27.4,27.2,27.3,27.1,27.2,27.4,27.5,27.3,27.4,27.2,27.4,27.3,27.3,27.4,27.4,27.3,27.5,27.3,27.5,27.4,27.4,27.3,27.5,27.4,27.5,27.3,27.2,27.3,27.3,27.2,27.4,27.4,27.2,27.5,27.4,27.5,27.5,27.5,27.4,27.5,27.5,27.6
63,27.0,27.0,27.1,27.0,27.0,27.0,27.0,27.1,27.1,27.0,26.9,27.0,27.2,27.0,27.1,27.1,27.0,27.2,27.2,27.1,27.2,27.2,27.2,27.1,27.1,27.1,27.1,27.1,27.1,27.1,27.2,27.2,27.3,27.1,27.0,26.9,26.9,26.8,26.8,26.6,26.6,26.4,26.4,26.5,26.5,26.6,26.7,26.7,26.5,26.6,26.6,26.6,26.7,26.7,26.6,26.6,26.6,26.4,26.8,26.6,26.6,26.8,26.7,26.8,26.8,26.9,27.1,27.1,26.8,26.9,26.9,26.9,26.8,26.7,26.8,26.8,26.8,26.8,26.8,26.8,26.7,26.7,26.7,26.7,26.7,26.5,26.8,26.7,26.9,26.8,26.7,26.8,26.7,26.7,26.7,26.8,26.7,26.7,26.7,26.6,26.7,26.6,26.7,26.9,26.8,27.0,26.6,26.7,26.6,26.8,26.7,26.6,26.4,26.6,26.5,26.6,26.6,26.8,26.6,26.6,26.6,26.7,26.4,26.6,26.6,26.6,26.7,26.7,26.4,26.6,26.6,26.6,26.7,26.7,26.7,26.6,26.7,27.0,27.2,27.2,27.2,27.4,27.3,27.2,27.3,27.3,27.2,27.2,27.2,27.3,27.2,27.2,27.2,27.2,27.2,27.3,27.3,27.4,27.4,27.4,27.3,27.4,27.3,27.3,27.5,27.3,27.2,27.4,27.3,27.4,27.3,27.4,27.4,27.3,27.4,27.2,27.3,27.4,27.4,27.4,27.5,27.5,27.5,27.8,27.6,27.5,27.5,27.5,27.6,27.5,27.4,27.5
64,26.9,27.0,27.0,27.0,27.1,27.0,26.9,27.0,27.0,27.1,27.3,27.0,26.9,27.0,27.1,27.1,27.1,27.0,27.0,27.3,27.1,26.9,27.0,27.0,27.1,27.0,27.2,27.2,27.0,27.2,27.2,27.2,27.1,27.1,27.2,27.0,26.8,26.9,26.6,26.6,26.6,26.6,26.7,26.5,26.4,26.5,26.4,26.6,26.6,26.6,26.5,26.6,26.6,26.3,26.7,26.5,26.7,26.6,26.5,26.8,26.7,26.7,26.7,26.7,26.8,26.9,27.0,26.9,26.8,26.9,26.9,26.9,26.9,26.7,26.8,26.9,26.8,26.7,26.7,26.9,26.8,26.8,26.8,26.5,26.7,26.8,26.7,26.6,26.8,26.8,26.7,26.8,26.8,26.8,26.8,26.8,26.7,26.6,26.7,26.8,26.6,26.7,26.8,26.8,26.8,26.9,26.9,26.7,27.0,27.0,26.7,26.8,26.7,26.7,26.8,26.8,26.7,26.6,26.6,26.6,26.7,26.7,26.6,26.7,26.6,26.6,26.7,26.5,26.6,26.8,26.7,26.7,26.8,26.6,26.7,26.8,26.8,27.0,27.2,27.2,27.4,27.3,27.2,27.2,27.4,27.3,27.2,27.2,27.2,27.2,27.2,27.2,27.3,27.4,27.3,27.4,27.4,27.4,27.4,27.4,27.5,27.5,27.3,27.4,27.3,27.4,27.3,27.5,27.4,27.4,27.4,27.4,27.4,27.5,27.5,27.3,27.4,27.5,27.4,27.3,27.4,27.5,27.5,27.5,27.5,27.5,27.6,27.7,27.6,27.7,27.6,27.7
65,27.0,27.1,27.1,27.0,27.1,27.1,27.0,27.0,27.0,27.0,27.1,27.0,27.0,27.2,27.0,27.0,27.1,27.1,26.9,27.1,27.1,27.1,27.0,27.0,27.0,27.1,27.0,27.0,27.2,27.2,27.2,27.1,27.2,27.1,27.2,27.0,26.8,26.8,26.6,26.6,26.6,26.6,26.5,26.7,26.4,26.4,26.5,26.7,26.4,26.6,26.4,26.6,26.6,26.6,26.7,26.6,26.6,26.6,26.7,26.7,26.7,26.6,26.6,26.7,26.8,26.8,26.9,26.9,26.8,26.9,26.9,26.8,26.9,26.8,27.0,27.0,26.7,26.8,26.8,26.8,26.8,26.8,26.7,26.7,26.8,26.7,26.9,26.8,26.8,26.9,26.8,26.8,26.7,26.8,26.9,26.6,26.7,26.7,26.7,26.7,26.7,26.6,26.7,26.9,26.9,26.8,26.8,26.9,26.9,26.8,26.9,26.8,26.7,27.0,26.7,26.7,26.7,26.8,26.6,26.8,26.7,26.7,26.8,26.7,26.5,26.6,26.6,26.6,26.6,26.7,26.4,26.7,26.6,26.8,26.7,26.6,26.7,26.9,27.1,27.2,27.1,27.4,27.2,27.2,27.3,27.2,27.3,27.2,27.0,27.4,27.3,27.2,27.3,27.2,27.3,27.2,27.3,27.4,27.2,27.5,27.6,27.4,27.4,27.4,27.5,27.4,27.4,27.5,27.5,27.5,27.3,27.4,27.3,27.5,27.5,27.3,27.4,27.5,27.4,27.3,27.5,27.5,27.7,27.5,27.4,27.6,27.3,27.6,27.6,27.5,27.6,27.6
66,27.0,27.0,27.0,27.0,27.1,27.1,27.0,27.0,27.1,27.0,26.9,27.0,27.0,26.9,27.0,26.9,26.9,27.0,26.9,27.0,27.1,27.0,27.1,27.2,27.2,27.1,27.1,27.2,27.1,27.0,27.2,27.1,27.1,27.1,27.0,27.1,27.1,26.9,26.6,26.5,26.4,26.6,26.6,26.7,26.4,26.7,26.7,26.6,26.6,26.7,26.8,26.7,26.7,26.6,26.6,26.6,26.7,26.7,26.5,26.7,26.6,26.7,26.8,26.7,26.7,26.8,27.0,26.9,26.9,26.9,26.9,26.7,26.8,26.8,26.8,26.8,26.8,26.8,26.6,26.7,26.8,26.8,26.6,26.6,26.8,26.7,26.8,26.8,26.7,26.6,26.8,26.8,26.8,26.8,26.8,26.8,26.7,26.7,26.8,26.7,26.7,26.6,26.8,26.8,26.9,26.9,26.9,26.9,27.0,26.9,27.0,26.8,26.8,26.6,26.6,26.7,26.7,26.8,26.6,26.6,26.8,26.6,26.6,26.6,26.6,26.5,26.8,26.7,26.6,26.7,26.6,26.6,26.8,26.6,26.7,26.6,26.8,27.0,27.2,27.2,27.2,27.2,27.3,27.4,27.2,27.2,27.2,27.2,27.3,27.3,27.3,27.1,27.2,27.2,27.1,27.3,27.2,27.3,27.4,27.4,27.5,27.3,27.4,27.5,27.3,27.4,27.4,27.4,27.6,27.5,27.3,27.3,27.4,27.5,27.4,27.4,27.3,27.3,27.3,27.5,27.3,27.4,27.4,27.4,27.5,27.6,27.5,27.5,27.3,27.6,27.5,27.5
67,27.1,27.0,27.2,27.1,27.2,27.2,27.1,27.0,27.0,27.1,27.0,26.8,27.1,27.0,27.0,27.1,27.0,27.1,27.0,27.2,27.1,27.2,27.2,27.2,27.1,27.2,27.1,27.0,27.3,27.0,27.2,27.1,27.1,27.2,27.3,27.0,26.9,27.0,26.7,26.7,26.6,26.6,26.6,26.7,26.7,26.7,26.6,26.7,26.5,26.7,26.7,26.6,26.7,26.6,26.6,26.6,26.8,26.7,26.8,26.6,26.9,26.7,26.6,26.6,26.7,26.8,26.9,26.9,26.7,26.8,27.0,27.0,26.9,26.9,27.0,26.8,26.7,26.8,26.8,26.8,26.8,26.7,26.8,26.8,26.8,26.8,26.8,26.7,26.9,26.8,26.8,26.9,26.8,26.6,26.8,26.8,26.8,26.8,26.8,26.7,26.7,26.8,26.8,27.0,27.0,27.1,27.1,27.2,27.3,27.0,27.1,26.8,27.0,26.7,26.9,26.6,26.7,26.7,26.7,26.8,26.8,26.6,26.6,26.6,26.6,26.7,26.7,26.7,26.6,26.6,26.7,26.6,26.6,26.8,26.7,26.6,26.8,27.1,27.0,27.2,27.3,27.1,27.3,27.3,27.2,27.3,27.2,27.2,27.4,27.3,27.2,27.2,27.2,27.1,27.2,27.4,27.2,27.4,27.4,27.5,27.4,27.5,27.5,27.2,27.4,27.3,27.4,27.4,27.5,27.3,27.3,27.2,27.4,27.4,27.4,27.4,27.3,27.4,27.3,27.4,27.4,27.5,27.4,27.5,27.5,27.5,27.5,27.5,27.6,27.6,27.6,27.5
68,27.2,27.0,26.9,27.0,27.0,27.0,27.1,27.0,27.0,27.0,27.1,27.0,27.0,26.8,27.0,27.0,27.2,27.1,27.0,27.0,26.9,27.1,27.1,27.1,27.1,27.2,27.2,27.1,27.2,27.1,27.2,27.1,27.1,27.0,27.2,27.2,27.0,26.9,26.6,26.4,26.5,26.7,26.6,26.5,26.6,26.4,26.4,26.7,26.6,26.6,26.6,26.7,26.8,26.4,26.7,26.6,26.5,26.6,26.7,26.6,26.8,26.7,26.7,26.7,26.7,26.7,26.8,26.8,26.8,26.8,26.8,26.8,26.9,26.8,26.9,26.8,26.7,26.8,26.8,26.9,26.8,26.8,26.6,26.6,26.8,26.8,26.8,26.8,26.8,26.8,26.9,26.8,26.7,26.8,26.8,26.8,26.8,27.0,26.8,26.8,26.8,27.0,26.8,26.8,27.0,27.1,27.3,27.5,27.5,27.3,27.1,26.9,26.8,26.7,26.7,26.7,26.7,26.4,26.8,26.7,26.6,26.6,26.6,26.5,26.6,26.6,26.6,26.6,26.7,26.7,26.6,26.6,26.8,26.6,26.7,26.6,26.8,27.0,27.1,27.1,27.1,27.3,27.3,27.2,27.2,27.2,27.2,27.2,27.3,27.2,27.2,27.3,27.1,27.2,27.4,27.2,27.4,27.4,27.3,27.4,27.4,27.3,27.4,27.2,27.4,27.5,27.3,27.5,27.5,27.4,27.4,27.3,27.5,27.3,27.3,27.3,27.4,27.3,27.4,27.4,27.4,27.4,27.3,27.4,27.6,27.5,27.3,27.4,27.3,27.5,27.6,27.5
69,27.1,27.0,27.1,27.1,27.0,27.0,27.1,27.0,27.1,27.1,27.1,27.0,27.0,27.2,27.0,27.0,27.0,27.0,27.0,27.0,27.2,27.1,27.0,27.3,27.0,27.2,27.2,27.2,27.2,27.2,27.2,27.2,27.2,27.0,27.2,27.0,27.0,26.9,26.8,26.3,26.5,26.5,26.6,26.7,26.5,26.7,26.7,26.6,26.6,26.6,26.8,26.8,26.7,26.8,26.8,26.8,26.8,26.6,26.7,26.5,26.6,26.6,26.6,26.6,26.8,26.8,26.9,27.0,26.9,26.8,26.9,26.9,26.9,27.1,27.0,26.8,26.7,26.8,26.8,26.8,26.7,26.7,26.8,26.7,26.7,26.8,26.8,26.7,27.0,26.6,26.8,26.7,26.7,26.7,26.8,26.9,26.8,26.7,26.7,26.8,26.7,26.7,26.9,26.8,27.0,27.1,27.3,27.4,27.5,27.5,27.0,26.9,26.9,26.7,26.8,26.7,26.8,26.6,26.6,26.7,26.6,26.5,26.6,26.7,26.6,26.5,26.7,26.7,26.6,26.6,26.6,26.7,26.7,26.8,26.6,26.7,26.8,27.0,27.0,27.1,27.2,27.2,27.2,27.2,27.4,27.3,27.2,27.2,27.3,27.2,27.2,27.1,27.2,27.3,27.1,27.3,27.3,27.3,27.2,27.4,27.3,27.3,27.3,27.4,27.4,27.4,27.3,27.3,27.3,27.6,27.5,27.2,27.5,27.3,27.3,27.4,27.3,27.6,27.3,27.5,27.3,27.4,27.5,27.4,27.5,27.5,27.5,27.5,27.5,27.6,27.5,27.6
70,27.0,27.0,27.1,27.2,27.2,27.0,27.2,27.0,27.0,27.1,27.1,27.0,27.0,27.0,27.0,26.9,27.1,27.1,27.2,27.0,27.2,27.1,27.1,27.1,27.1,27.1,27.2,27.1,27.2,27.1,27.1,27.2,27.2,27.2,27.2,27.1,27.0,27.0,26.8,26.7,26.7,26.6,26.7,26.6,26.7,26.6,26.6,26.5,26.7,26.8,26.7,26.7,26.7,26.7,26.7,26.7,26.6,26.7,26.6,26.6,26.6,26.6,26.6,26.8,26.6,26.7,27.0,26.9,26.9,26.9,26.9,26.8,27.0,26.8,26.8,26.9,26.8,26.8,26.8,26.8,26.8,26.8,26.9,26.7,26.6,26.9,26.9,26.8,26.8,26.8,26.8,26.8,26.8,26.8,26.8,26.9,26.8,26.8,26.7,26.7,26.8,26.9,26.8,26.9,26.9,27.2,27.4,27.5,27.5,27.2,27.2,27.0,27.0,26.8,26.8,26.7,26.8,26.8,26.8,26.6,26.6,26.6,26.6,26.5,26.6,26.7,26.8,26.6,26.6,26.6,26.7,26.8,26.6,26.7,26.8,26.7,26.8,27.1,27.1,27.2,27.3,27.5,27.3,27.2,27.3,27.4,27.2,27.4,27.4,27.4,27.1,27.3,27.3,27.4,27.5,27.3,27.3,27.3,27.4,27.2,27.3,27.3,27.2,27.2,27.3,27.3,27.5,27.3,27.3,27.4,27.3,27.3,27.3,27.3,27.4,27.3,27.5,27.4,27.4,27.5,27.5,27.4,27.4,27.3,27.6,27.7,27.5,27.5,27.6,27.5,27.3,27.6
71,27.3,27.1,27.2,27.1,27.2,27.0,27.1,27.0,27.0,27.0,27.0,27.0,27.2,26.8,27.2,27.0,27.1,27.1,27.1,27.1,27.1,27.0,27.2,27.1,27.0,27.0,27.1,27.2,27.2,27.2,27.1,27.3,27.1,27.1,27.3,27.1,27.0,26.8,26.7,26.5,26.5,26.5,26.4,26.7,26.6,26.7,26.6,26.6,26.7,26.7,26.6,26.6,26.7,26.6,26.8,26.5,26.6,26.6,26.7,26.7,26.7,26.6,26.7,26.6,26.8,26.8,26.7,26.9,26.9,26.9,26.8,27.0,26.9,26.8,26.9,26.7,26.9,26.7,26.7,26.8,26.8,26.7,26.8,26.8,26.7,26.7,26.7,26.9,26.8,26.9,26.6,26.8,26.8,26.7,26.7,26.7,26.8,26.8,26.6,26.7,26.8,26.8,26.8,26.9,27.0,27.0,27.2,27.3,27.3,27.1,27.0,26.8,26.6,26.8,26.7,26.8,26.9,26.6,26.6,26.7,26.7,26.7,26.7,26.7,26.6,26.6,26.6,26.7,26.6,26.8,26.5,26.8,26.8,26.7,26.7,26.6,26.9,27.0,27.1,27.2,27.2,27.1,27.1,27.1,27.4,27.4,27.2,27.4,27.3,27.4,27.1,27.1,27.3,27.2,27.3,27.2,27.3,27.2,27.3,27.4,27.5,27.5,27.3,27.4,27.4,27.4,27.5,27.5,27.3,27.5,27.3,27.4,27.3,27.4,27.2,27.4,27.3,27.3,27.4,27.4,27.4,27.5,27.4,27.4,27.5,27.6,27.3,27.3,27.5,27.6,27.3,27.4
72,27.0,26.9,27.0,27.0,27.1,27.1,27.0,27.1,27.1,27.1,26.9,27.0,26.9,27.1,27.2,27.2,27.1,27.0,27.0,27.2,27.2,27.0,27.1,27.1,27.0,27.1,27.2,27.0,27.1,27.2,27.0,27.1,27.1,27.2,27.1,27.1,27.0,26.9,26.7,26.7,26.5,26.4,26.6,26.6,26.6,26.7,26.6,26.6,26.7,26.4,26.6,26.6,26.9,26.7,26.6,26.7,26.8,26.6,26.7,26.7,26.6,26.6,26.5,26.7,26.8,26.9,26.9,27.0,26.9,26.9,26.9,26.8,27.0,26.7,26.8,26.7,26.8,26.7,26.8,26.8,26.8,26.6,26.7,26.7,26.8,26.8,26.8,26.6,26.9,26.8,26.7,26.9,26.8,26.7,26.8,26.6,26.8,26.7,26.8,26.7,26.7,26.8,26.8,26.9,26.8,27.0,27.1,27.2,27.2,27.1,27.0,26.8,26.7,26.6,26.8,26.6,26.7,26.7,26.8,26.6,26.7,26.6,26.8,26.6,26.5,26.6,26.5,26.6,26.8,26.6,26.6,26.6,26.7,26.7,26.7,26.7,26.8,27.0,27.2,27.1,27.0,27.3,27.2,27.2,27.2,27.3,27.4,27.3,27.4,27.2,27.3,27.1,27.4,27.3,27.4,27.2,27.0,27.3,27.2,27.2,27.3,27.3,27.2,27.3,27.4,27.4,27.3,27.2,27.5,27.4,27.3,27.2,27.3,27.4,27.4,27.4,27.3,27.3,27.6,27.5,27.5,27.4,27.4,27.5,27.4,27.6,27.4,27.5,27.5,27.3,27.6,27.5
73,27.1,27.2,27.1,27.1,27.0,27.0,26.9,26.9,27.1,26.9,27.2,27.1,26.9,27.1,27.0,27.0,27.2,26.9,27.2,27.0,27.2,27.0,27.2,27.2,27.1,27.2,27.2,27.1,27.0,27.1,27.0,27.2,27.2,27.1,27.2,27.1,27.2,27.0,26.8,26.7,26.7,26.6,26.5,26.4,26.5,26.5,26.4,26.6,26.6,26.7,26.6,26.6,26.7,26.6,26.6,26.6,26.6,26.5,26.7,26.6,26.5,26.6,26.6,26.4,26.7,26.9,26.9,26.8,26.8,27.0,26.9,26.9,26.8,26.8,26.7,26.8,26.8,26.7,26.8,26.8,26.8,26.8,26.7,26.8,26.7,26.7,26.6,26.8,26.8,26.7,26.6,26.7,26.8,26.8,26.7,26.8,26.6,26.6,26.7,26.7,26.7,27.0,26.7,27.0,26.9,27.0,27.0,27.1,26.8,26.9,26.9,26.6,26.6,26.8,26.6,26.7,26.7,26.8,26.6,26.7,26.7,26.6,26.6,26.6,26.6,26.4,26.6,26.6,26.3,26.7,26.5,26.8,26.6,26.6,26.6,26.8,26.7,27.0,26.9,27.2,27.2,27.2,27.1,27.2,27.3,27.3,27.3,27.3,27.2,27.2,27.2,27.2,27.2,27.4,27.4,27.2,27.1,27.3,27.3,27.2,27.2,27.3,27.3,27.2,27.2,27.2,27.5,27.3,27.3,27.4,27.3,27.3,27.5,27.4,27.4,27.3,27.3,27.4,27.5,27.4,27.4,27.4,27.4,27.4,27.4,27.4,27.4,27.4,27.5,27.5,27.5,27.5
74,27.2,27.0,27.1,27.1,27.1,27.1,27.1,27.1,27.0,27.1,27.1,27.1,27.1,27.2,27.3,27.0,27.0,27.0,27.0,27.1,27.2,27.0,27.2,27.2,27.2,27.3,27.2,27.2,27.2,27.1,27.2,27.2,27.2,27.2,27.3,27.1,27.0,26.9,26.7,26.7,26.5,26.6,26.6,26.6,26.6,26.7,26.6,26.7,26.5,26.8,26.6,26.6,26.8,26.5,26.7,26.6,26.6,26.7,26.6,26.6,26.6,26.5,26.6,26.6,26.7,26.9,26.9,26.9,26.8,27.0,26.9,26.7,26.8,26.9,26.9,26.7,26.8,26.7,26.7,26.8,26.8,26.8,26.8,26.7,26.7,26.8,26.7,26.7,26.8,26.8,26.6,26.6,26.9,26.8,26.9,26.6,26.6,26.8,26.8,26.7,26.7,26.7,26.9,26.8,26.9,26.9,26.8,26.9,26.9,26.8,26.9,26.6,26.6,26.6,26.8,26.7,26.8,26.7,26.7,26.7,26.8,26.7,26.8,26.7,26.6,26.6,26.7,26.7,26.6,26.6,26.7,26.7,26.8,26.7,26.7,26.8,26.8,27.1,27.0,27.2,27.2,27.2,27.1,27.3,27.4,27.4,27.4,27.3,27.4,27.4,27.2,27.3,27.3,27.5,27.3,27.4,27.3,27.1,27.2,27.2,27.4,27.3,27.3,27.3,27.4,27.5,27.5,27.4,27.5,27.5,27.2,27.3,27.4,27.2,27.3,27.3,27.4,27.3,27.4,27.4,27.5,27.5,27.4,27.5,27.5,27.5,27.5,27.5,27.6,27.5,27.6,27.5
75,26.9,27.0,27.0,26.9,27.1,27.0,27.1,27.1,27.2,27.1,27.0,27.0,27.1,27.0,27.1,27.0,27.1,27.1,27.0,27.2,26.9,27.2,27.0,27.0,27.0,27.1,27.1,27.2,27.2,27.0,27.2,27.1,27.1,27.0,27.2,27.0,27.1,26.9,26.5,26.6,26.6,26.5,26.7,26.6,26.6,26.5,26.4,26.7,26.5,26.6,26.8,26.7,26.6,26.7,26.8,26.5,26.5,26.6,26.6,26.5,26.6,26.6,26.6,26.6,26.8,26.9,26.9,27.1,26.8,26.9,26.8,26.9,26.8,26.8,26.8,26.8,26.9,26.6,26.8,26.8,26.8,26.7,26.8,26.6,26.8,26.7,26.9,26.6,26.8,26.7,26.7,26.8,26.8,26.7,26.8,26.8,26.7,26.7,26.8,26.6,26.8,26.6,26.8,26.8,27.0,27.0,26.8,27.0,27.0,26.8,26.7,26.5,26.7,26.6,26.9,26.6,26.7,26.9,26.8,26.6,26.6,26.6,26.6,26.7,26.7,26.7,26.6,26.6,26.6,26.6,26.7,26.6,26.6,26.6,26.7,26.7,26.8,27.0,27.1,27.1,27.0,27.2,27.3,27.1,27.3,27.2,27.3,27.2,27.2,27.4,27.3,27.2,27.2,27.3,27.2,27.3,27.3,27.2,27.1,27.2,27.2,27.3,27.5,27.3,27.3,27.2,27.3,27.3,27.4,27.3,27.4,27.3,27.3,27.4,27.2,27.3,27.5,27.4,27.4,27.3,27.5,27.4,27.5,27.4,27.4,27.4,27.5,27.5,27.5,27.4,27.5,27.4
76,27.0,27.0,27.0,27.1,27.0,27.0,27.0,27.0,27.0,27.0,27.1,27.0,27.1,27.1,27.0,27.1,27.0,27.1,27.0,27.1,27.0,27.1,27.0,26.9,26.9,27.1,27.1,26.9,27.2,27.1,27.1,27.1,27.0,27.1,27.2,27.1,27.1,26.8,26.6,26.6,26.4,26.6,26.3,26.6,26.6,26.5,26.6,26.5,26.6,26.7,26.8,26.7,26.7,26.7,26.7,26.6,26.6,26.7,26.6,26.6,26.5,26.6,26.7,26.8,26.7,26.8,26.8,27.0,26.7,26.9,26.8,26.8,26.9,26.8,26.8,26.7,26.7,26.9,26.7,26.6,26.8,26.9,26.8,26.7,26.8,26.6,26.8,26.6,26.9,26.8,26.7,26.8,26.7,26.8,26.8,26.8,26.7,26.8,26.8,26.8,26.7,26.8,26.7,27.0,26.9,26.9,26.9,27.0,26.8,26.8,26.7,26.7,26.6,26.8,26.8,26.8,26.6,26.7,26.7,26.7,26.8,26.7,26.7,26.7,26.7,26.7,26.6,26.6,26.6,26.7,26.6,26.7,26.7,26.8,26.8,26.8,26.7,27.0,27.2,27.2,27.3,27.2,27.1,27.2,27.2,27.1,27.2,27.3,27.3,27.3,27.3,27.3,27.3,27.3,27.3,27.4,27.4,27.2,27.2,27.2,27.1,27.2,27.3,27.4,27.3,27.4,27.4,27.2,27.4,27.3,27.3,27.4,27.3,27.2,27.3,27.4,27.5,27.3,27.4,27.2,27.4,27.4,27.5,27.5,27.5,27.5,27.5,27.4,27.4,27.4,27.7,27.5
77,27.1,27.2,27.1,27.0,27.0,27.1,27.2,27.0,27.0,27.0,27.0,27.0,27.1,27.1,27.0,27.0,27.0,27.0,27.1,26.9,27.1,27.1,27.0,27.0,27.0,27.0,26.8,27.1,27.1,27.0,27.2,27.1,27.2,27.0,27.2,27.1,27.0,27.0,26.7,26.6,26.5,26.5,26.6,26.6,26.5,26.6,26.6,26.6,26.6,26.7,26.8,26.6,26.8,26.6,26.6,26.6,26.6,26.5,26.5,26.6,26.7,26.6,26.6,26.6,26.7,26.7,26.8,27.0,26.8,26.8,26.8,26.9,26.9,26.8,26.7,26.8,26.7,26.7,26.7,26.8,26.7,26.8,26.7,26.7,26.8,26.8,26.8,26.8,26.7,26.8,26.8,26.7,26.9,26.7,26.8,26.7,26.7,26.6,26.7,26.6,26.8,26.9,26.9,26.9,27.0,26.9,26.9,27.0,26.9,26.7,26.7,26.6,26.6,26.6,26.5,26.7,26.7,26.6,26.7,26.7,26.6,26.6,26.5,26.6,26.6,26.5,26.7,26.6,26.6,26.4,26.5,26.8,26.8,26.6,26.8,26.7,26.9,27.0,27.1,27.2,27.1,27.2,27.2,27.2,27.3,27.2,27.2,27.3,27.3,27.3,27.1,27.2,27.2,27.1,27.2,27.3,27.2,27.3,27.2,27.1,27.3,27.2,27.1,27.2,27.2,27.3,27.2,27.2,27.3,27.2,27.3,27.3,27.5,27.3,27.4,27.4,27.3,27.3,27.5,27.3,27.3,27.5,27.5,27.3,27.3,27.5,27.5,27.4,27.5,27.5,27.5,27.5
78,27.1,27.2,27.2,27.1,27.2,27.0,26.9,27.1,27.1,27.2,27.1,27.0,27.1,27.1,27.2,27.1,26.8,27.1,27.0,26.9,27.0,27.2,27.1,27.0,27.0,27.0,27.2,27.0,27.0,27.2,27.1,27.1,27.2,27.1,27.2,27.2,26.9,27.0,26.6,26.7,26.4,26.5,26.5,26.6,26.6,26.6,26.6,26.7,26.5,26.7,26.7,26.7,26.9,26.7,26.7,26.6,26.6,26.6,26.6,26.7,26.7,26.4,26.6,26.5,26.6,26.8,26.8,26.8,26.9,27.0,26.8,26.8,26.9,26.7,26.9,26.6,26.6,26.7,26.6,26.8,26.8,26.8,26.7,26.8,26.8,26.9,26.8,26.7,26.7,26.9,26.7,26.7,26.8,26.8,26.8,26.8,26.7,26.6,26.8,26.6,26.7,26.8,26.9,26.9,26.9,26.9,26.9,27.1,27.1,26.8,26.8,26.6,26.6,26.7,26.8,26.7,26.8,26.7,26.6,26.7,26.6,26.6,26.6,26.6,26.6,26.6,26.6,26.6,26.6,26.6,26.6,26.5,26.6,26.8,26.5,26.6,26.6,27.0,27.0,27.2,27.3,27.5,27.2,27.2,27.3,27.2,27.3,27.1,27.2,27.2,27.4,27.2,27.2,27.2,27.1,27.2,27.1,27.1,27.2,27.3,27.3,27.4,27.3,27.2,27.1,27.1,27.2,27.2,27.2,27.3,27.4,27.2,27.5,27.5,27.3,27.4,27.5,27.4,27.4,27.4,27.4,27.7,27.3,27.5,27.5,27.5,27.4,27.5,27.4,27.4,27.5,27.7
79,26.9,27.0,27.0,26.9,27.0,27.0,27.0,27.0,27.0,26.9,27.0,27.0,27.0,27.0,27.1,27.1,27.0,27.1,27.0,27.1,27.1,27.1,27.0,27.2,27.0,26.9,27.0,27.0,27.0,27.0,27.0,27.1,27.0,27.2,27.1,27.2,26.8,27.0,26.6,26.7,26.6,26.6,26.7,26.6,26.6,26.5,26.7,26.7,26.7,26.6,26.6,26.7,26.8,26.6,26.7,26.6,26.6,26.5,26.6,26.7,26.5,26.6,26.7,26.6,26.8,26.7,27.0,26.9,26.6,26.8,26.7,26.7,26.8,26.6,26.4,26.6,26.5,26.7,26.8,26.7,26.8,26.6,26.8,26.8,26.8,26.7,26.9,26.8,26.7,26.8,26.8,26.7,26.9,26.6,26.7,26.7,26.6,26.8,26.7,26.6,26.7,26.8,26.8,26.9,26.9,27.0,26.9,27.1,27.0,26.9,26.9,26.7,26.6,26.7,26.6,26.6,26.5,26.5,26.5,26.5,26.3,26.6,26.4,26.7,26.6,26.5,26.3,26.4,26.6,26.6,26.5,26.7,26.8,26.6,26.6,26.7,26.8,26.9,27.1,27.2,27.2,27.2,27.2,27.2,27.3,27.3,27.2,27.2,27.3,27.1,27.0,27.1,27.1,27.1,27.1,27.3,27.3,27.2,27.2,27.3,27.1,27.2,27.1,27.1,27.2,27.2,27.1,27.2,27.3,27.2,27.3,27.3,27.4,27.2,27.3,27.5,27.2,27.4,27.5,27.3,27.3,27.4,27.6,27.4,27.5,27.5,27.3,27.4,27.4,27.6,27.6,27.5
80,27.2,27.1,27.0,26.9,26.9,27.0,27.0,26.9,27.1,27.0,27.1,27.0,26.9,27.1,27.1,27.1,27.1,27.2,27.0,27.0,26.9,26.9,26.9,27.0,27.0,27.1,27.0,27.0,27.1,27.0,27.0,27.1,27.0,27.1,27.1,27.0,27.0,26.9,26.8,26.6,26.4,26.6,26.5,26.5,26.5,26.7,26.4,26.6,26.6,26.9,26.6,26.6,26.8,26.7,26.8,26.6,26.7,26.6,26.6,26.6,26.7,26.6,26.6,26.7,26.6,26.8,26.9,26.9,26.8,26.7,26.8,26.9,26.7,26.5,26.6,26.5,26.7,26.7,26.8,26.8,26.8,26.7,26.7,26.8,26.7,26.8,26.8,26.8,26.8,26.8,26.8,26.7,26.8,26.8,26.8,26.8,26.6,26.9,26.8,26.7,26.9,26.8,26.7,26.9,27.0,27.0,27.0,27.1,27.0,27.0,26.8,26.8,26.6,26.7,26.7,26.6,26.7,26.7,26.6,26.6,26.6,26.6,26.6,26.7,26.7,26.6,26.4,26.7,26.5,26.4,26.6,26.5,26.7,26.8,26.7,26.7,26.8,27.0,27.2,27.2,27.2,27.4,27.3,27.3,27.2,27.2,27.1,27.2,27.1,27.3,27.1,27.3,27.2,27.2,27.2,27.4,27.0,27.2,27.2,27.3,27.2,27.1,27.2,27.1,27.2,27.3,27.2,27.2,27.2,27.5,27.3,27.5,27.4,27.4,27.4,27.5,27.5,27.4,27.6,27.4,27.4,27.4,27.3,27.5,27.5,27.4,27.4,27.4,27.3,27.5,27.5,27.4
81,27.2,27.1,27.0,26.9,27.0,26.9,27.0,26.9,27.1,27.1,27.0,27.0,27.1,27.0,27.1,27.1,27.1,27.0,27.1,27.1,27.2,27.0,27.0,26.9,27.0,27.1,27.1,27.0,27.1,26.9,26.8,27.1,27.0,27.0,27.1,27.1,27.2,27.0,26.7,26.6,26.6,26.6,26.7,26.6,26.4,26.5,26.6,26.6,26.5,26.7,26.7,26.7,26.7,26.7,26.5,26.6,26.6,26.6,26.6,26.6,26.6,26.7,26.6,26.7,26.7,26.8,26.7,26.8,26.8,26.8,26.8,26.7,26.7,26.6,26.4,26.8,26.6,26.6,26.8,26.8,26.7,26.8,26.9,26.8,26.9,26.8,26.9,27.0,26.8,26.8,26.8,26.9,27.1,26.8,26.8,26.9,26.8,26.8,26.8,26.9,26.7,26.8,26.8,26.9,26.9,26.9,27.0,27.1,27.2,27.2,26.9,26.8,26.7,26.7,26.6,26.5,26.4,26.6,26.5,26.6,26.7,26.7,26.6,26.8,26.8,26.6,26.7,26.6,26.7,26.8,26.6,26.6,26.8,26.7,26.6,26.8,26.8,27.2,27.1,27.3,27.2,27.3,27.1,27.3,27.2,27.2,27.3,27.1,27.3,27.1,27.3,27.2,27.2,27.2,27.2,27.2,27.4,27.1,27.1,27.0,27.2,27.2,27.1,27.2,27.1,27.2,27.1,27.2,27.2,27.4,27.3,27.3,27.3,27.4,27.3,27.4,27.4,27.5,27.2,27.4,27.5,27.4,27.4,27.3,27.6,27.5,27.3,27.5,27.3,27.3,27.5,27.4
82,27.0,27.0,27.0,27.0,27.0,26.9,27.0,27.1,27.2,27.2,27.0,27.0,27.0,26.9,27.0,27.1,27.0,27.0,27.1,27.2,27.0,27.0,27.0,27.0,27.0,27.0,27.0,26.9,27.2,27.1,27.1,27.0,27.0,26.8,27.1,27.1,27.0,27.0,26.6,26.6,26.6,26.4,26.6,26.5,26.4,26.5,26.4,26.5,26.7,26.6,26.6,26.7,26.8,26.5,26.4,26.6,26.4,26.6,26.4,26.7,26.6,26.6,26.6,26.6,26.7,26.7,26.9,26.9,26.8,26.7,26.8,26.8,26.7,26.4,26.6,26.5,26.4,26.8,26.8,26.7,26.6,26.8,26.8,26.8,26.8,26.8,26.8,26.8,27.0,26.9,26.8,26.8,26.9,26.8,26.8,26.8,27.0,26.7,26.9,26.8,26.8,26.9,26.8,26.8,26.8,26.8,27.0,27.2,27.1,27.0,26.8,26.8,26.7,26.7,26.7,26.8,26.6,26.8,26.6,26.7,26.6,26.8,26.7,26.8,26.7,26.7,26.6,26.6,26.7,26.7,26.7,26.7,26.8,26.8,26.6,26.7,26.9,26.9,27.2,27.2,27.2,27.3,27.2,27.2,27.4,27.2,27.3,27.2,27.2,27.1,27.1,27.3,27.2,27.3,27.2,27.2,27.2,27.3,27.2,27.3,27.1,27.3,27.0,27.1,27.1,27.2,27.1,27.2,27.2,27.2,27.3,27.3,27.3,27.2,27.4,27.2,27.4,27.3,27.5,27.4,27.6,27.4,27.5,27.2,27.3,27.5,27.4,27.4,27.4,27.4,27.6,27.5
83,27.0,27.1,27.0,27.1,26.9,27.0,27.0,27.0,27.0,27.2,27.0,26.9,26.9,26.8,26.9,26.9,27.0,27.1,26.9,27.0,27.1,27.0,27.0,26.9,26.9,27.1,27.0,26.8,27.0,27.1,27.0,27.1,27.0,27.0,27.2,27.0,27.0,27.0,26.8,26.6,26.6,26.4,26.3,26.7,26.6,26.5,26.6,26.5,26.6,26.7,26.8,26.6,26.7,26.6,26.6,26.7,26.7,26.6,26.6,26.6,26.6,26.6,26.6,26.6,26.6,26.7,26.8,26.7,26.9,26.8,26.8,26.8,26.8,26.6,26.7,26.6,26.6,26.7,26.8,26.8,26.8,26.7,26.9,26.8,27.0,27.0,26.9,26.8,26.9,26.9,26.7,27.1,26.9,26.9,26.8,26.8,26.9,26.7,26.9,26.9,26.9,26.9,26.9,26.8,26.8,26.8,26.8,27.0,27.2,27.0,26.9,26.8,26.8,26.7,26.7,26.8,26.8,26.8,26.6,26.6,26.8,26.7,26.8,26.7,26.8,26.8,26.9,26.7,26.7,26.7,26.8,26.8,26.9,26.8,26.7,26.8,26.7,27.0,27.1,27.1,27.3,27.3,27.2,27.2,27.3,27.3,27.3,27.2,27.3,27.2,27.1,27.2,27.3,27.3,27.2,27.2,27.4,27.2,27.2,27.3,27.2,27.2,27.1,27.2,27.0,27.1,27.0,27.2,27.2,27.3,27.2,27.1,27.5,27.5,27.3,27.4,27.3,27.3,27.3,27.4,27.3,27.2,27.4,27.4,27.4,27.4,27.4,27.4,27.2,27.4,27.6,27.4
84,27.0,27.1,27.2,27.0,27.2,27.0,27.0,27.0,27.0,27.1,27.0,27.0,26.9,27.2,27.1,26.9,27.0,27.1,27.1,27.1,27.2,27.0,27.0,27.2,27.1,27.1,27.1,27.0,27.0,26.8,27.0,27.1,27.0,27.2,27.0,27.2,27.2,27.0,26.7,26.6,26.6,26.5,26.5,26.6,26.5,26.4,26.4,26.4,26.7,26.6,26.6,26.6,26.7,26.6,26.7,26.6,26.5,26.7,26.6,26.6,26.6,26.6,26.6,26.7,26.7,26.6,26.9,26.8,26.8,26.8,26.9,26.8,26.9,26.8,26.8,26.6,26.8,26.8,26.8,26.9,26.8,26.8,26.7,26.9,27.0,26.8,26.9,27.0,26.9,26.9,26.8,26.8,27.0,26.8,27.0,26.9,26.8,26.9,27.0,26.8,26.7,26.8,26.9,26.8,26.7,26.7,26.7,26.9,26.9,26.8,26.8,26.8,26.7,26.7,26.9,26.7,26.6,26.6,26.9,26.7,26.7,26.7,26.8,26.8,26.8,26.8,26.7,26.8,26.7,26.6,26.8,26.8,26.9,27.0,26.8,26.8,26.8,27.1,27.2,27.1,27.4,27.2,27.2,27.2,27.2,27.3,27.3,27.2,27.3,27.2,27.2,27.1,27.2,27.2,27.4,27.4,27.2,27.2,27.2,27.2,27.2,27.2,27.2,27.1,27.2,27.1,27.0,27.2,27.2,27.4,27.2,27.2,27.4,27.3,27.4,27.3,27.3,27.3,27.4,27.2,27.5,27.4,27.5,27.4,27.4,27.4,27.5,27.4,27.4,27.5,27.4,27.4
85,27.0,27.0,27.1,27.1,27.2,27.1,27.1,27.0,27.1,27.0,27.0,27.0,27.0,26.9,26.9,27.1,27.2,27.2,27.1,27.1,27.1,27.0,27.2,27.2,27.0,27.0,26.9,27.1,26.9,26.8,27.0,27.0,27.0,27.0,27.2,27.1,27.0,26.9,26.7,26.6,26.4,26.5,26.5,26.5,26.7,26.6,26.6,26.6,26.5,26.6,26.6,26.7,26.7,26.6,26.7,26.6,26.5,26.5,26.4,26.8,26.6,26.8,26.7,26.6,26.7,26.8,26.8,26.9,26.8,26.8,26.8,26.6,26.7,26.8,26.7,26.8,26.6,26.8,26.9,26.7,26.8,26.8,26.8,26.9,26.8,26.9,27.0,26.9,27.0,26.9,26.8,26.8,26.9,26.9,26.9,26.9,26.8,26.9,27.0,26.7,26.8,27.0,26.9,26.8,26.8,26.7,26.8,26.8,26.7,26.9,26.8,26.8,26.7,26.8,26.6,26.7,26.8,26.8,26.6,26.7,26.7,26.8,26.8,26.8,26.8,26.7,26.8,26.7,26.6,26.6,26.8,26.7,26.9,26.9,26.8,26.6,26.9,26.8,27.1,27.3,27.3,27.1,27.2,27.2,27.2,27.2,27.3,27.1,27.2,27.2,27.2,27.1,27.3,27.3,27.1,27.3,27.2,27.1,27.1,27.1,27.1,27.2,27.2,27.2,27.1,27.2,27.1,27.1,27.3,27.3,27.2,27.3,27.5,27.3,27.2,27.4,27.4,27.5,27.2,27.3,27.4,27.2,27.5,27.5,27.4,27.4,27.5,27.4,27.4,27.5,27.3,27.3
86,27.0,27.0,27.0,26.9,27.0,27.1,27.1,27.2,26.9,27.1,27.0,26.9,27.0,27.0,27.0,27.1,27.2,27.0,27.1,27.1,27.2,27.2,27.0,27.2,27.0,27.0,27.2,27.0,27.1,26.9,27.1,26.9,27.0,27.0,26.9,27.1,27.1,26.9,26.7,26.6,26.7,26.8,26.3,26.6,26.6,26.7,26.6,26.6,26.6,26.6,26.6,26.7,26.8,26.6,26.6,26.7,26.5,26.5,26.7,26.6,26.6,26.7,26.7,26.5,26.7,26.7,26.6,26.6,26.9,26.8,26.9,26.8,26.9,26.8,26.9,26.8,26.7,26.7,26.8,26.8,26.7,26.7,26.8,26.9,26.9,26.7,27.0,27.0,27.0,26.9,26.8,26.9,26.8,26.8,27.0,27.0,26.8,26.9,26.8,26.8,26.8,26.7,26.7,26.8,26.8,26.9,26.8,26.7,26.8,26.9,26.9,26.9,27.0,27.0,26.8,26.8,26.8,26.7,26.8,26.8,26.6,26.8,26.8,26.7,26.8,26.7,26.6,26.8,26.7,26.8,26.8,26.8,26.8,26.8,26.8,26.9,26.7,27.1,27.2,27.2,27.3,27.4,27.1,27.2,27.3,27.4,27.4,27.2,27.2,27.1,27.0,27.2,27.3,27.1,27.2,27.1,27.3,27.2,27.2,27.1,27.1,27.2,27.1,27.0,27.1,27.2,27.3,27.2,27.1,27.2,27.3,27.3,27.3,27.5,27.2,27.4,27.3,27.3,27.3,27.3,27.3,27.4,27.4,27.4,27.3,27.5,27.4,27.3,27.4,27.4,27.6,27.4
87,26.9,27.2,26.9,26.8,27.1,26.9,26.9,27.0,27.2,27.0,27.1,27.0,27.0,27.0,26.9,27.0,27.0,27.0,27.0,27.0,27.1,27.1,27.0,26.9,27.1,27.2,26.9,27.0,27.0,27.0,27.0,26.9,26.9,27.0,27.0,27.0,26.7,27.0,26.6,26.6,26.6,26.5,26.5,26.6,26.6,26.5,26.7,26.8,26.6,26.7,26.6,26.5,26.6,26.6,26.6,26.6,26.7,26.8,26.4,26.6,26.7,26.6,26.7,26.6,26.4,26.7,26.8,26.8,26.9,26.7,26.8,26.8,26.8,26.8,26.9,26.9,26.7,26.8,26.8,26.9,26.8,26.8,26.9,26.9,26.8,27.0,27.0,26.9,26.9,27.0,26.8,26.9,26.9,26.8,26.9,26.8,26.9,27.0,26.9,26.8,26.9,26.9,26.8,26.8,26.9,26.7,26.7,26.9,26.8,26.9,27.0,27.0,27.0,27.0,26.8,26.8,26.8,26.7,26.7,26.7,26.7,26.9,26.7,26.9,26.8,26.6,26.7,26.7,26.7,26.9,26.8,26.7,26.8,26.8,26.8,26.7,26.9,26.9,27.2,27.1,27.4,27.4,27.4,27.3,27.2,27.2,27.3,27.2,27.2,27.4,27.0,27.2,27.1,27.1,27.2,27.2,27.0,27.0,27.2,27.1,27.3,27.2,27.1,27.2,27.3,27.1,27.3,27.2,27.2,27.3,27.2,27.1,27.2,27.2,27.4,27.4,27.4,27.2,27.3,27.3,27.3,27.5,27.5,27.4,27.4,27.5,27.4,27.5,27.4,27.4,27.5,27.5
88,27.1,27.0,27.0,27.0,27.0,26.9,27.0,27.0,27.0,26.9,27.1,26.9,27.0,27.1,27.1,26.8,27.2,26.9,27.0,27.0,27.2,27.2,27.2,27.2,27.2,27.1,27.0,27.0,27.1,27.0,27.0,27.2,27.1,26.8,27.0,26.7,26.8,26.8,26.7,26.6,26.6,26.7,26.3,26.7,26.4,26.6,26.6,26.6,26.6,26.7,26.5,26.6,26.6,26.6,26.8,26.4,26.5,26.6,26.6,26.6,26.6,26.6,26.6,26.6,26.7,26.8,26.9,26.9,26.8,26.8,26.8,26.6,26.7,26.8,26.9,26.9,26.7,26.9,26.9,26.9,26.9,26.8,26.7,26.9,26.8,26.9,26.8,26.9,27.0,27.0,26.8,27.0,26.9,26.9,27.0,26.8,26.8,26.9,26.9,26.8,26.8,26.8,26.9,26.7,27.0,26.8,26.6,26.9,27.0,27.0,27.1,27.1,27.3,26.9,26.9,26.7,26.7,26.7,26.6,26.8,26.9,26.8,26.8,26.9,26.8,26.7,26.7,26.7,26.7,26.9,26.9,26.7,26.8,26.7,26.7,26.7,27.0,27.0,27.2,27.2,27.2,27.3,27.4,27.2,27.4,27.3,27.1,27.2,27.3,27.1,27.3,27.2,27.2,27.4,27.0,27.1,27.0,27.2,27.1,27.0,27.2,27.1,27.0,27.2,27.2,27.3,27.2,27.2,27.3,27.4,27.2,27.1,27.4,27.2,27.4,27.2,27.4,27.4,27.4,27.2,27.3,27.5,27.2,27.4,27.5,27.5,27.3,27.5,27.4,27.4,27.4,27.5
89,27.0,27.1,26.9,26.9,27.0,27.2,27.0,27.0,27.0,27.0,27.0,27.1,27.0,27.2,27.1,27.2,27.1,27.1,27.1,27.0,27.1,27.2,27.0,26.9,27.2,27.0,27.0,27.1,27.2,26.9,27.1,27.0,27.0,26.9,27.0,26.7,26.8,26.8,26.8,26.6,26.5,26.8,26.7,26.8,26.6,26.5,26.8,26.7,26.8,26.9,26.7,26.8,26.7,26.7,26.7,26.7,26.7,26.8,26.6,26.6,26.8,26.7,26.8,26.8,26.8,26.8,26.9,26.9,26.9,26.9,26.8,26.8,26.9,26.8,26.8,26.9,26.8,26.7,26.7,26.8,26.8,26.8,26.8,26.7,26.8,27.1,26.9,26.9,27.0,26.9,26.9,27.0,26.8,26.9,26.8,26.8,26.9,26.9,26.9,27.0,26.9,26.9,26.9,26.8,26.9,26.9,26.7,26.8,26.8,26.9,27.1,27.0,27.0,26.9,26.8,26.8,26.7,26.8,26.7,26.6,26.7,27.0,26.8,27.0,26.8,26.7,26.6,26.7,27.0,26.8,26.7,26.8,26.9,26.7,26.7,26.7,26.9,27.0,27.2,27.1,27.2,27.2,27.1,27.3,27.3,27.2,27.2,27.2,27.3,27.1,27.2,27.2,27.2,27.2,27.2,27.0,26.9,27.2,27.1,27.2,27.2,27.2,27.1,27.1,27.0,27.2,27.3,27.4,27.2,27.3,27.2,27.3,27.3,27.3,27.5,27.4,27.2,27.5,27.3,27.4,27.4,27.4,27.4,27.4,27.4,27.6,27.6,27.5,27.5,27.5,27.4,27.5
90,27.0,27.0,27.1,26.9,27.1,27.0,26.9,26.9,27.0,27.0,27.0,27.0,27.0,27.1,27.0,26.9,27.0,27.1,27.0,27.0,27.0,27.0,27.1,27.1,27.1,27.0,27.0,27.1,27.0,27.1,27.1,27.0,27.0,27.0,26.9,26.7,26.8,26.8,26.7,26.7,26.6,26.6,26.6,26.8,26.6,26.7,26.6,26.6,26.8,26.6,26.7,26.7,26.8,27.0,26.8,26.6,26.8,26.9,26.7,26.7,26.7,26.8,26.9,26.9,26.8,26.7,26.7,26.8,26.7,26.8,26.9,26.9,26.9,26.7,26.9,27.1,26.7,26.8,26.8,26.8,26.8,26.8,26.8,26.8,26.9,27.1,27.0,27.0,26.9,26.9,26.9,26.8,26.8,26.8,26.8,26.8,26.8,26.9,26.9,26.8,26.8,26.9,26.8,27.0,26.8,26.9,26.7,26.8,26.9,27.0,27.1,27.0,27.0,26.9,26.8,26.7,26.6,26.8,26.6,26.9,26.7,26.8,26.9,26.8,26.8,27.0,26.9,26.7,26.8,26.8,26.8,26.8,27.0,26.8,26.6,26.9,27.0,27.0,27.0,27.1,27.2,27.2,27.2,27.2,27.4,27.3,27.2,27.2,27.2,27.3,27.1,27.2,27.2,27.1,27.0,27.0,27.0,27.1,27.0,27.2,27.1,27.2,27.2,27.1,27.1,27.3,26.9,27.2,27.3,27.3,27.5,27.3,27.5,27.3,27.4,27.2,27.2,27.4,27.3,27.4,27.3,27.2,27.3,27.3,27.4,27.4,27.3,27.5,27.5,27.5,27.6,27.3
91,27.0,27.0,27.1,27.0,27.2,27.1,27.1,26.9,27.0,27.0,27.0,27.0,27.1,27.0,27.2,27.0,27.2,27.2,27.0,27.0,27.2,27.1,27.1,27.2,27.1,27.2,27.1,27.1,27.0,26.8,27.2,27.0,27.0,26.9,27.0,26.7,26.9,26.6,26.6,26.7,26.7,26.6,26.6,26.7,26.7,26.7,26.7,26.7,26.7,26.8,26.8,26.6,26.8,26.9,26.7,26.8,26.7,26.9,26.7,26.8,26.6,26.8,26.7,26.7,26.7,26.8,26.8,26.9,26.8,26.8,26.8,26.8,26.9,26.9,27.0,26.9,26.9,26.9,27.0,26.8,26.8,26.9,27.0,26.9,27.0,26.9,27.0,27.0,26.8,26.9,26.8,27.0,26.9,27.0,26.8,26.9,26.9,27.0,26.9,26.8,26.8,26.8,26.8,26.8,26.8,26.9,26.7,27.0,26.9,27.0,27.0,27.0,26.8,26.8,26.8,26.8,26.6,26.7,26.7,26.6,26.7,26.8,26.8,26.9,26.8,26.9,26.9,26.7,26.8,26.6,26.8,26.7,26.8,26.8,26.7,26.8,26.8,26.8,27.0,27.2,27.1,27.2,27.1,27.2,27.3,27.2,27.4,27.0,27.2,27.3,27.2,27.2,27.2,27.2,27.1,26.9,27.0,27.2,27.0,27.2,27.1,27.1,27.2,27.1,27.2,27.2,27.1,27.1,27.2,27.3,27.4,27.2,27.4,27.3,27.4,27.3,27.3,27.5,27.3,27.4,27.3,27.5,27.3,27.3,27.3,27.4,27.3,27.5,27.4,27.4,27.4,27.5
92,27.0,27.0,27.1,26.9,27.0,27.1,27.0,27.0,27.0,27.0,27.1,27.0,27.1,26.9,27.0,27.1,27.1,27.0,27.0,27.2,27.0,27.1,27.0,27.1,27.1,27.0,26.9,26.9,27.0,27.1,27.1,27.2,27.0,26.9,27.0,26.9,26.7,26.8,26.8,26.8,26.6,26.7,26.8,26.8,26.8,26.7,26.7,26.8,26.8,26.8,26.7,26.6,27.0,26.9,27.0,26.8,27.0,26.9,26.8,26.9,26.7,26.8,26.8,26.7,26.8,26.7,26.8,26.8,26.8,26.9,27.0,26.9,26.9,26.9,26.9,26.8,26.8,26.9,26.9,26.9,26.9,26.8,26.8,26.9,27.0,26.8,27.1,26.9,27.0,26.9,27.0,27.0,26.9,26.8,27.0,26.7,26.9,27.0,26.9,27.0,26.8,26.8,26.8,26.8,26.8,26.9,26.8,26.8,26.8,26.9,26.9,26.9,27.0,26.9,26.9,26.7,26.8,26.8,26.8,26.7,26.8,26.8,26.6,26.7,26.8,26.8,26.8,26.7,26.8,26.6,26.7,26.9,26.7,26.8,26.8,26.8,26.9,27.0,27.2,27.1,27.2,27.3,27.2,27.4,27.3,27.3,27.2,27.3,27.1,27.2,27.2,27.2,27.1,27.2,27.0,27.0,27.0,27.1,27.2,27.1,27.1,27.3,27.2,27.2,27.2,27.2,27.3,27.2,27.3,27.3,27.3,27.2,27.5,27.2,27.2,27.3,27.2,27.4,27.3,27.4,27.4,27.3,27.4,27.4,27.5,27.5,27.5,27.3,27.4,27.5,27.4,27.4
93,27.0,27.0,27.0,26.9,27.3,27.1,27.1,27.1,26.9,27.2,27.2,27.1,27.2,27.1,27.0,27.1,27.2,27.1,27.1,27.1,27.2,27.0,27.0,27.1,27.1,27.0,27.2,27.0,27.1,27.1,27.2,27.1,27.0,27.0,26.8,26.8,26.5,26.8,26.7,26.7,26.7,26.8,26.8,26.7,26.8,26.9,26.7,26.8,26.7,26.7,26.9,26.8,26.9,26.9,26.8,26.9,26.8,26.7,26.8,26.9,26.8,26.8,26.8,26.7,26.7,26.9,26.9,26.8,26.8,26.9,26.8,26.9,27.1,26.9,26.9,27.0,27.0,26.9,26.9,27.1,27.0,26.9,27.0,27.1,26.9,27.0,26.9,26.9,26.9,26.9,26.8,26.8,26.8,26.7,26.9,26.7,26.8,26.8,26.9,26.8,26.9,26.8,27.0,26.9,27.0,27.0,27.0,26.7,26.9,26.9,27.0,26.7,26.9,26.9,27.0,26.8,26.8,26.9,26.6,26.7,26.7,26.8,26.8,26.8,26.8,26.7,26.6,26.7,26.7,26.8,26.8,26.8,26.8,26.8,26.7,26.9,26.8,27.0,27.1,27.3,27.2,27.2,27.2,27.4,27.3,27.2,27.2,27.2,27.2,27.2,27.2,27.1,27.1,27.2,27.2,26.9,27.1,27.0,27.2,27.1,27.2,27.3,27.3,27.3,27.3,27.4,27.2,27.3,27.3,27.4,27.4,27.3,27.3,27.5,27.3,27.3,27.3,27.2,27.4,27.5,27.3,27.4,27.4,27.4,27.3,27.4,27.4,27.4,27.4,27.4,27.4,27.3
94,27.0,27.1,27.1,27.0,27.0,27.0,27.0,27.0,27.1,27.2,26.9,27.0,27.2,27.0,27.0,27.1,27.0,27.1,27.0,27.0,27.2,27.1,26.8,27.2,27.1,27.2,27.0,27.2,27.0,26.9,27.0,27.1,27.1,27.1,27.0,26.7,26.7,27.0,26.8,26.7,26.6,26.6,26.8,26.8,26.8,26.8,26.6,26.8,26.7,26.7,26.9,26.9,26.8,26.8,26.9,26.8,26.7,26.8,26.9,26.9,26.8,26.8,26.8,26.9,26.8,26.9,26.7,26.8,27.0,27.0,26.9,26.8,26.9,26.9,27.0,26.9,26.9,26.9,27.0,26.8,27.0,27.0,26.9,26.7,27.0,26.9,26.8,26.8,26.8,26.8,26.7,26.8,26.8,26.7,26.8,26.8,26.8,26.8,26.8,26.8,26.8,27.0,27.0,26.8,27.0,26.8,26.9,27.0,27.0,26.9,26.9,26.7,26.8,26.9,26.9,27.0,26.8,26.8,26.8,26.8,26.7,26.9,26.8,26.7,26.8,26.6,26.6,26.8,26.8,26.8,26.8,26.8,26.8,26.7,26.6,26.8,26.9,27.1,27.1,27.1,27.2,27.3,27.2,27.2,27.2,27.2,27.3,27.2,27.2,27.2,27.0,27.0,27.1,27.2,26.9,27.0,27.0,27.1,27.0,27.1,27.1,27.2,27.1,27.1,27.0,27.2,27.1,27.3,27.3,27.3,27.4,27.2,27.3,27.3,27.2,27.3,27.2,27.3,27.2,27.3,27.4,27.3,27.3,27.3,27.3,27.5,27.5,27.4,27.4,27.2,27.5,27.5
95,27.1,27.0,27.0,27.0,27.0,27.1,26.8,27.1,27.2,27.0,27.1,26.9,27.2,27.0,27.2,27.1,27.1,27.1,27.1,27.0,27.0,27.2,27.1,27.0,26.9,27.2,27.0,27.1,27.1,27.1,27.1,27.1,27.2,27.0,27.1,26.9,26.8,26.8,26.8,26.8,26.8,26.7,26.6,26.8,26.7,26.7,26.6,26.8,26.7,26.9,26.7,26.7,26.9,26.8,26.8,26.8,26.9,26.8,26.8,26.8,26.8,26.8,26.8,26.9,26.8,26.8,26.8,26.8,26.8,27.0,26.8,26.8,26.9,26.8,27.1,27.0,27.2,27.0,26.9,27.0,26.8,26.8,26.9,26.8,26.9,27.0,26.8,26.8,26.8,26.8,26.9,26.8,26.8,26.7,26.9,26.9,26.8,26.8,26.9,26.8,26.8,26.9,27.0,27.2,27.0,27.2,27.2,27.0,27.0,26.8,26.9,26.8,26.8,26.8,27.0,26.9,26.7,26.8,26.8,26.7,26.7,26.8,26.8,26.7,26.6,26.7,26.8,26.7,26.6,26.7,26.9,26.7,26.7,26.9,26.8,26.8,26.9,27.1,27.2,27.2,27.1,27.2,27.2,27.2,27.2,27.3,27.2,27.2,27.1,27.2,27.0,27.1,27.1,27.0,27.0,27.1,27.3,27.3,27.1,27.0,27.2,27.2,27.4,27.1,27.1,27.2,27.2,27.2,27.4,27.2,27.4,27.3,27.5,27.6,27.3,27.2,27.4,27.4,27.4,27.4,27.4,27.4,27.4,27.3,27.4,27.4,27.2,27.3,27.3,27.5,27.5,27.4
96,27.0,27.0,27.0,27.1,27.0,27.0,27.1,27.0,27.1,27.0,27.0,27.0,26.9,27.0,27.1,27.2,27.1,27.1,27.1,27.1,26.9,27.2,27.1,27.2,26.9,27.0,27.0,27.1,27.0,27.1,27.2,27.1,27.1,27.1,27.0,26.7,26.8,26.8,26.9,26.9,27.0,26.9,26.8,26.8,26.6,26.8,26.8,26.8,26.7,26.7,26.6,26.7,26.8,26.7,26.7,26.6,26.8,26.8,26.6,26.9,26.9,26.8,26.8,26.6,26.8,26.8,26.9,26.9,26.9,26.8,26.9,26.8,26.9,27.0,27.0,27.1,27.2,27.2,27.2,27.1,27.0,26.9,26.9,27.0,26.9,26.8,26.8,26.8,26.7,26.7,26.7,26.8,26.8,26.7,26.8,26.7,26.8,26.7,26.7,26.8,26.8,26.8,27.0,27.2,27.4,27.3,27.2,27.4,27.0,26.9,26.8,26.8,26.7,27.0,26.8,26.6,26.8,26.8,26.7,26.8,26.7,26.7,26.7,26.8,26.7,26.6,26.7,26.8,26.7,26.8,26.8,26.9,26.9,26.9,26.6,26.8,27.0,27.1,27.1,27.2,27.2,27.3,27.3,27.3,27.2,27.2,27.2,27.1,27.1,27.2,27.0,27.1,27.1,27.0,27.0,27.1,27.0,27.1,27.2,27.1,27.2,27.3,27.2,27.2,27.2,27.2,27.2,27.3,27.0,27.4,27.5,27.2,27.2,27.3,27.3,27.2,27.4,27.3,27.4,27.3,27.3,27.3,27.3,27.4,27.5,27.3,27.4,27.5,27.4,27.3,27.4,27.4
97,27.1,27.1,27.0,27.0,27.1,27.0,27.1,26.9,27.1,27.0,27.0,27.0,27.0,27.2,27.0,27.0,27.2,27.0,27.0,27.0,27.1,27.2,27.1,27.1,27.1,27.1,27.0,27.2,27.1,27.1,27.2,27.1,27.1,27.0,27.0,26.8,26.7,27.0,27.0,27.2,27.4,27.4,26.9,26.9,26.8,26.6,26.8,26.7,26.8,26.7,26.6,26.7,26.7,26.8,26.8,26.8,26.7,26.6,26.7,26.9,26.8,26.8,26.9,26.8,26.8,26.9,26.8,26.9,26.8,26.8,26.9,26.9,27.1,27.1,27.0,27.1,27.1,27.2,27.2,27.2,26.9,27.0,27.1,26.9,26.9,26.8,26.8,26.9,26.9,26.8,26.8,26.8,26.8,26.7,26.8,26.8,26.8,26.8,26.8,26.8,26.9,26.8,27.1,27.0,27.7,27.9,27.7,27.4,27.4,27.0,27.0,26.9,26.9,26.8,26.8,26.9,26.7,27.0,26.8,26.8,26.8,26.8,26.8,26.8,26.7,26.6,26.8,26.8,27.0,27.0,26.8,26.7,27.0,26.9,26.8,26.8,26.9,27.1,27.1,27.3,27.3,27.2,27.1,27.2,27.4,27.2,27.2,27.3,27.2,27.2,27.0,27.0,27.1,27.0,27.0,27.2,27.1,27.0,27.1,27.0,27.2,27.4,27.3,27.2,27.2,27.2,27.3,27.4,27.4,27.4,27.3,27.4,27.4,27.4,27.5,27.2,27.4,27.5,27.4,27.3,27.2,27.5,27.3,27.4,27.4,27.4,27.2,27.3,27.3,27.5,27.4,27.3
98,26.9,26.8,27.0,27.0,27.0,27.0,27.0,26.9,27.2,27.2,27.1,27.0,27.1,27.0,27.0,27.1,27.0,27.1,27.2,27.1,27.2,26.9,26.9,26.9,27.1,27.1,27.0,27.0,27.2,27.0,27.2,27.2,27.0,27.3,27.0,26.7,26.7,26.9,27.1,27.5,27.9,28.0,27.2,27.0,26.8,26.6,26.7,26.6,26.8,26.7,26.7,26.8,26.7,26.7,26.6,26.7,26.8,26.8,26.8,26.9,26.8,26.8,26.9,26.7,26.7,26.8,26.7,26.8,26.8,26.9,26.7,26.8,27.0,26.8,26.9,27.1,26.9,26.9,27.2,27.1,27.1,27.0,26.9,26.8,26.9,26.8,26.8,26.7,26.7,26.7,26.8,26.7,26.6,26.8,26.8,26.7,26.7,26.6,26.8,26.8,26.8,26.8,27.0,27.5,27.8,27.9,27.9,27.6,27.2,27.1,26.9,26.9,26.8,26.9,26.9,26.8,26.9,26.9,26.8,26.9,26.8,26.8,26.9,26.7,26.8,26.6,26.7,26.6,26.8,27.0,26.8,26.9,27.0,26.8,26.8,26.8,26.9,27.1,27.2,27.2,27.2,27.3,27.2,27.1,27.2,27.3,27.2,27.1,27.1,27.2,26.9,27.0,27.2,27.0,27.1,27.2,27.1,27.1,27.1,27.2,27.2,27.3,27.3,27.3,27.3,27.1,27.3,27.2,27.2,27.3,27.4,27.3,27.5,27.2,27.4,27.3,27.4,27.3,27.4,27.4,27.2,27.2,27.3,27.4,27.4,27.4,27.3,27.5,27.3,27.2,27.4,27.5
99,27.1,27.0,27.1,27.1,27.0,27.0,27.0,27.0,27.2,27.0,27.1,27.0,27.1,27.2,27.0,27.2,27.1,27.2,27.0,27.2,27.0,26.9,27.1,27.3,27.1,27.1,27.1,27.1,27.1,27.0,27.1,27.2,27.1,27.2,27.0,26.9,26.8,26.8,27.2,27.3,27.9,28.0,27.4,27.0,27.0,26.7,26.8,26.6,26.9,26.7,26.7,26.7,26.8,26.6,26.7,26.7,26.8,26.8,26.8,26.9,26.8,26.7,26.8,26.8,26.8,26.7,26.8,26.8,26.8,26.7,27.0,26.7,26.9,27.0,26.9,27.1,27.1,27.0,27.0,27.1,26.8,27.0,27.0,26.9,27.0,26.9,26.8,26.7,26.9,26.7,26.7,26.6,26.8,26.7,26.8,26.8,26.8,26.6,26.8,26.8,26.7,26.8,27.0,27.4,27.8,27.8,27.9,27.5,27.5,27.1,27.1,26.9,26.8,27.0,26.8,26.9,26.9,27.0,26.8,26.8,26.8,26.9,26.9,26.7,26.7,26.7,26.8,26.8,26.9,27.0,27.1,27.0,27.1,26.8,26.8,26.7,26.9,26.9,27.1,27.2,27.2,27.2,27.3,27.1,27.2,27.2,27.1,27.1,27.2,27.1,26.9,27.1,27.2,27.2,27.2,27.1,27.2,27.0,27.2,27.2,27.1,27.3,27.4,27.2,27.3,27.2,27.3,27.2,27.2,27.1,27.3,27.3,27.2,27.2,27.4,27.2,27.3,27.3,27.0,27.3,27.3,27.3,27.3,27.3,27.4,27.4,27.3,27.5,27.4,27.5,27.2,27.1
100,27.2,27.1,27.0,27.0,27.1,27.0,27.1,27.1,27.1,27.2,27.1,27.0,27.3,27.1,27.0,27.0,27.2,27.0,27.0,27.1,27.2,27.2,27.1,27.2,27.2,27.1,27.0,27.2,27.0,27.1,27.1,26.9,26.9,27.1,27.1,26.8,26.8,26.8,26.8,27.0,27.5,28.1,27.5,27.0,26.8,26.8,26.8,26.7,26.7,26.7,26.5,26.7,26.8,26.7,26.8,26.7,26.9,26.9,27.0,26.8,26.9,26.7,26.7,26.8,26.8,26.9,26.8,26.8,26.8,26.7,26.8,26.8,26.9,26.8,27.0,27.0,27.0,27.0,27.2,27.2,27.0,27.1,27.0,26.9,27.0,26.9,26.9,26.7,26.9,26.8,26.9,26.8,26.9,26.8,26.7,26.8,26.8,26.6,26.8,26.9,26.7,27.0,27.2,27.4,27.7,28.0,27.7,27.5,27.2,27.0,26.9,26.9,26.8,26.9,27.0,26.7,26.9,26.8,26.9,26.9,27.0,27.0,26.8,26.9,26.8,26.7,26.6,26.8,26.8,27.0,27.0,27.1,26.9,26.9,26.8,26.7,26.9,27.0,27.0,27.3,27.2,27.2,27.2,27.3,27.3,27.2,27.0,27.3,27.2,27.1,26.9,27.2,27.2,27.3,27.1,27.1,27.2,27.2,27.2,27.2,27.3,27.3,27.2,27.2,27.3,27.4,27.5,27.3,27.2,27.3,27.0,27.3,27.5,27.3,27.3,27.2,27.3,27.4,27.4,27.2,27.2,27.3,27.4,27.4,27.4,27.4,27.4,27.3,27.5,27.2,27.3,27.3
101,27.0,26.9,27.1,27.0,27.0,26.9,27.0,27.0,27.1,27.1,27.1,27.2,27.2,26.9,26.9,27.1,27.1,27.1,27.0,27.1,27.1,27.1,27.2,27.0,27.2,27.1,27.2,27.0,27.2,27.2,27.1,27.1,27.1,27.1,26.9,26.8,26.8,26.9,26.8,27.1,27.2,27.4,27.2,26.9,26.8,26.8,26.7,26.6,26.7,26.7,26.8,26.7,26.9,26.8,26.8,26.6,26.8,26.8,26.7,26.8,26.8,26.9,26.8,26.8,26.8,26.8,26.9,26.7,26.8,26.7,26.8,26.9,26.8,27.0,26.9,27.0,27.0,27.1,27.2,27.0,26.9,26.9,27.0,26.8,26.9,27.0,26.8,26.8,26.6,26.7,26.8,26.8,26.9,26.6,26.8,26.8,26.7,26.8,26.8,26.8,27.0,26.8,27.0,27.3,27.4,27.4,27.4,27.4,27.1,27.0,27.0,26.8,26.8,27.0,26.9,27.0,27.0,27.0,26.9,27.0,26.8,27.0,27.0,27.0,26.8,26.9,26.9,26.7,26.8,26.8,27.0,26.9,27.0,26.7,26.6,26.9,26.9,26.9,27.0,27.1,27.2,27.1,27.2,27.2,27.2,27.1,26.8,27.3,27.1,27.1,27.1,27.1,27.2,27.1,27.1,27.3,27.2,27.2,27.3,27.2,27.2,27.2,27.1,27.1,27.0,27.3,27.3,27.2,27.1,27.2,27.4,27.0,27.2,27.3,27.3,27.3,27.3,27.3,27.3,27.2,27.2,27.2,27.4,27.3,27.3,27.3,27.3,27.2,27.4,27.3,27.4,27.4
102,27.0,27.0,27.2,26.8,26.9,27.0,27.1,27.1,27.1,27.1,27.2,27.1,27.0,27.0,27.0,27.0,27.2,27.0,27.0,27.0,27.1,27.1,27.1,27.3,27.2,27.1,27.2,27.2,27.1,27.1,27.2,27.2,27.0,27.0,27.0,26.9,26.6,26.7,26.6,26.8,26.8,27.0,26.8,26.8,26.6,26.7,26.6,26.7,26.6,26.7,26.7,26.6,26.7,26.8,26.8,26.6,26.8,26.8,26.9,26.7,26.8,26.7,26.9,26.8,26.9,26.8,26.7,26.8,26.6,26.7,26.8,26.9,26.8,26.7,26.9,26.9,27.0,27.0,27.0,27.1,26.9,26.8,26.9,26.8,26.8,26.8,26.7,26.7,26.8,26.6,26.8,26.8,26.8,26.7,26.8,26.8,26.8,26.7,26.8,26.7,26.8,26.8,26.8,26.9,27.0,27.1,27.0,27.1,27.0,27.0,26.8,27.0,26.7,26.8,26.7,26.7,27.0,26.9,27.0,26.9,26.8,26.8,26.9,26.9,26.8,26.7,26.6,26.8,26.6,26.7,26.9,26.8,26.8,26.7,26.6,26.8,26.8,27.0,27.0,27.1,27.2,27.2,27.1,27.2,27.2,27.1,27.2,27.2,27.1,27.2,27.1,27.2,27.1,27.2,27.1,27.0,27.2,27.0,27.2,27.1,27.4,27.2,27.1,27.2,27.2,27.2,27.3,27.3,27.3,27.3,27.2,27.3,27.5,27.2,27.2,27.6,27.2,27.3,27.3,27.4,27.3,27.3,27.3,27.3,27.2,27.3,27.5,27.3,27.4,27.3,27.4,27.4
103,27.1,27.0,27.2,27.0,27.2,27.1,27.1,27.1,27.2,27.0,27.2,27.1,27.1,27.1,27.1,27.1,27.2,27.3,27.1,27.1,27.3,27.1,27.0,27.0,27.2,27.1,27.1,27.1,27.2,27.3,27.2,27.1,27.2,27.0,27.0,26.8,26.6,26.6,26.8,26.8,26.6,27.0,26.7,26.8,26.7,26.8,26.8,26.8,26.7,26.7,26.7,26.7,26.7,27.0,26.8,26.8,26.8,26.8,26.8,26.8,26.7,26.9,26.9,26.8,26.8,26.9,26.7,26.7,26.8,26.6,26.8,26.8,26.8,26.9,26.8,27.1,27.0,26.9,27.1,27.1,27.0,27.0,27.0,26.8,26.9,26.9,26.7,26.8,26.9,26.6,27.0,26.8,26.9,26.7,26.8,26.7,26.8,26.7,26.8,26.8,26.9,26.8,26.8,26.8,27.1,27.0,27.1,26.9,26.9,27.0,26.9,26.8,26.9,27.1,26.9,26.8,26.8,27.0,27.1,26.9,26.9,26.8,26.9,27.0,26.8,26.7,26.7,26.7,26.9,26.9,26.7,26.7,26.8,26.8,26.7,26.8,27.0,27.0,27.0,27.2,27.1,27.2,27.2,27.2,27.2,27.2,27.2,27.1,27.3,27.4,27.2,27.2,27.2,27.3,27.2,27.2,27.2,27.4,27.4,27.2,27.2,27.3,27.2,27.2,27.2,27.2,27.1,27.2,27.3,27.4,27.2,27.2,27.2,27.2,27.2,27.2,27.2,27.4,27.5,27.2,27.3,27.4,27.3,27.3,27.3,27.5,27.5,27.4,27.4,27.4,27.3,27.4
104,27.2,27.1,27.0,27.0,27.0,26.9,27.2,27.0,27.0,27.0,27.1,27.1,27.1,27.3,27.2,27.2,27.2,27.1,27.1,27.1,27.0,27.2,27.1,27.1,27.2,27.2,27.2,27.2,27.2,27.2,27.1,27.3,27.1,27.0,27.1,26.8,26.9,26.7,26.9,26.6,26.8,26.8,26.7,26.9,26.7,26.9,26.8,26.8,26.8,26.9,26.7,26.6,27.0,26.8,26.9,26.7,26.8,27.0,26.8,26.9,26.9,27.0,26.9,26.6,26.8,26.8,26.8,26.7,26.8,26.7,26.8,27.0,27.1,26.9,26.9,27.0,27.0,27.2,27.2,27.1,27.0,27.0,27.0,27.1,27.0,26.9,26.9,26.9,26.7,26.8,26.8,26.8,26.8,26.8,26.9,26.8,26.9,26.9,26.7,26.8,26.7,26.8,26.9,26.8,26.7,27.0,26.8,26.9,26.9,26.8,26.9,26.9,26.8,26.8,26.8,26.7,26.8,26.9,26.9,26.9,26.8,26.9,26.8,26.8,26.7,26.7,26.6,26.8,26.7,26.8,26.7,27.0,26.8,26.7,26.8,26.8,26.8,27.0,27.0,27.1,27.1,27.3,27.3,27.0,27.0,27.2,27.2,27.2,27.3,27.1,27.0,27.2,27.3,27.2,27.2,27.1,27.2,27.1,27.2,27.3,27.2,27.3,27.2,27.3,27.3,27.2,27.1,27.1,27.2,27.3,27.4,27.3,27.3,27.2,27.2,27.3,27.3,27.4,27.4,27.4,27.2,27.3,27.3,27.3,27.3,27.2,27.3,27.5,27.2,27.5,27.4,27.3
105,27.0,27.2,27.1,27.0,27.2,27.0,27.0,27.0,27.2,27.1,27.1,27.2,27.2,27.2,27.2,27.1,27.2,27.2,27.0,27.2,27.4,27.2,27.1,27.0,27.1,27.1,27.2,27.2,27.1,27.3,27.2,27.2,27.1,27.1,27.0,26.9,26.8,26.7,26.7,26.7,26.8,26.6,26.6,26.8,26.7,26.9,26.7,26.8,26.7,26.8,26.7,26.9,26.9,27.0,27.0,26.9,26.8,26.8,26.8,26.9,26.8,26.8,26.8,26.8,26.8,26.8,26.8,26.7,26.8,26.8,26.7,26.6,26.9,26.9,27.0,27.0,27.2,27.2,27.0,27.1,27.0,26.9,27.0,26.9,27.0,26.8,26.7,26.7,26.7,26.8,26.8,26.7,26.9,26.8,26.8,26.8,26.7,26.7,26.8,26.8,26.9,26.8,26.7,26.8,27.0,26.9,26.8,26.7,26.9,26.9,26.9,26.8,26.8,26.9,26.8,26.8,26.7,26.5,26.7,26.6,26.7,26.8,26.8,26.8,26.8,26.7,26.8,26.8,26.6,26.6,26.8,26.7,26.7,26.6,26.8,26.6,26.8,26.9,27.1,27.0,27.1,27.0,27.1,27.2,27.2,27.0,27.2,27.3,27.3,27.2,27.2,27.0,27.1,27.3,27.4,27.3,27.2,27.2,27.1,27.2,27.3,27.2,27.2,27.3,27.3,27.3,27.1,27.3,27.3,27.2,27.3,27.1,27.3,27.3,27.2,27.2,27.1,27.3,27.3,27.2,27.2,27.5,27.3,27.3,27.2,27.4,27.4,27.4,27.3,27.2,27.4,27.4
106,27.2,27.1,27.2,27.0,27.1,27.1,27.1,27.0,27.0,27.1,27.1,27.2,27.1,27.1,27.0,27.2,27.0,27.0,27.1,27.0,27.3,27.1,27.1,27.2,27.1,27.2,27.0,27.2,27.1,27.3,27.2,27.2,27.1,27.1,27.0,26.8,26.8,26.9,26.7,26.7,26.8,26.8,26.6,26.8,26.8,26.8,26.6,26.8,26.7,26.6,26.8,26.8,26.9,26.8,27.0,26.8,26.8,26.9,26.8,26.8,26.9,26.8,26.7,26.7,26.7,26.7,26.8,26.8,26.7,26.7,26.9,26.6,26.8,26.8,26.9,27.1,27.0,27.2,27.1,26.9,27.0,26.9,27.0,26.7,27.0,26.8,26.8,26.8,26.8,26.7,26.7,26.8,26.7,26.7,26.9,26.7,26.8,26.7,26.7,26.8,26.8,26.8,26.7,26.8,26.8,26.8,26.8,26.8,26.8,26.8,26.9,26.8,26.8,26.8,26.8,26.8,26.7,26.6,26.6,26.8,26.7,26.7,26.7,26.6,26.8,26.4,26.7,26.6,26.7,26.7,26.8,26.7,26.7,26.8,26.7,26.8,26.8,27.0,27.0,27.0,27.0,27.0,27.0,27.2,27.2,27.0,27.1,27.2,27.2,27.0,27.1,27.2,27.2,27.1,27.3,27.2,27.2,27.2,27.2,27.4,27.3,27.3,27.2,27.2,27.3,27.2,27.2,27.2,27.0,27.3,27.1,27.3,27.3,27.1,27.3,27.3,27.2,27.2,27.2,27.3,27.2,27.2,27.4,27.5,27.3,27.5,27.2,27.3,27.4,27.4,27.2,27.4
107,27.2,27.1,27.0,27.2,27.2,27.1,27.1,27.0,27.0,27.1,27.2,27.1,27.1,27.2,27.2,27.0,27.2,27.2,27.0,27.2,27.3,27.1,27.3,27.1,27.1,27.4,27.2,27.2,27.3,27.2,27.1,27.2,27.2,27.2,27.0,27.0,26.9,26.8,26.7,26.8,26.7,26.8,26.7,26.7,26.6,26.8,26.8,26.8,26.8,26.8,26.6,26.8,26.8,26.8,27.0,26.8,26.9,26.9,26.8,26.8,26.7,27.0,26.8,26.7,26.8,26.8,26.7,26.8,26.8,26.9,26.8,26.7,26.8,26.9,27.1,26.8,27.0,27.1,27.1,27.1,27.0,27.0,27.0,26.9,27.0,26.8,26.8,26.8,26.8,27.0,26.8,26.8,26.7,26.7,26.8,26.7,26.8,26.7,26.8,26.9,26.5,26.8,26.9,27.0,26.9,27.0,26.9,26.9,26.8,26.8,26.9,26.8,26.9,26.9,26.6,26.7,26.6,26.8,26.8,26.8,26.7,26.9,26.7,26.7,26.7,26.7,26.6,26.7,26.6,26.8,26.8,26.8,26.7,26.8,26.7,26.8,26.8,27.0,26.9,26.8,27.0,27.1,27.0,27.1,27.0,27.2,27.2,27.3,27.3,27.1,27.0,27.2,27.1,27.4,27.1,27.3,27.2,27.2,27.2,27.2,27.4,27.3,27.2,27.3,27.3,27.2,27.2,27.2,27.2,27.2,27.1,27.3,27.3,27.2,27.3,27.2,27.2,27.2,27.3,27.3,27.1,27.2,27.5,27.3,27.4,27.4,27.4,27.2,27.4,27.3,27.5,27.3
108,27.1,27.2,27.1,27.2,27.0,27.1,27.1,27.2,27.1,27.2,27.2,27.1,27.2,27.1,27.1,27.1,27.2,27.2,27.3,27.2,27.2,27.1,27.1,27.1,27.2,27.0,27.2,27.1,27.2,27.2,27.2,27.3,27.2,27.1,27.1,26.7,26.9,26.7,26.7,27.0,26.7,26.7,26.8,26.8,26.8,26.8,26.8,26.9,26.8,26.8,26.8,26.8,26.9,27.0,26.9,26.8,27.0,27.0,26.8,26.9,26.9,26.8,26.9,26.8,26.8,26.8,26.8,26.7,26.8,26.8,26.8,26.8,26.9,27.0,26.9,27.0,26.8,27.0,27.0,27.1,27.1,26.9,27.0,27.0,27.0,27.0,26.7,26.8,26.8,26.8,26.7,26.6,26.8,26.8,26.8,26.7,26.8,26.7,26.8,26.8,26.8,26.9,26.8,26.8,26.9,26.8,26.8,26.8,26.7,26.8,26.8,26.9,26.8,26.8,26.7,26.7,26.7,26.6,26.6,26.5,26.6,26.7,26.6,26.6,26.5,26.6,26.6,26.6,26.7,26.7,26.7,26.5,26.8,26.6,26.8,26.7,26.9,26.7,26.7,26.8,26.9,26.9,27.0,27.0,27.1,27.2,27.1,27.3,27.2,27.1,27.3,27.3,27.2,27.3,27.2,27.2,27.3,27.2,27.3,27.1,27.3,27.2,27.1,27.4,27.2,27.2,27.2,27.1,27.3,27.3,27.2,27.1,27.2,27.2,27.4,27.3,27.2,27.3,27.3,27.2,27.4,27.3,27.4,27.4,27.2,27.3,27.3,27.6,27.3,27.3,27.4,27.3
109,27.1,27.1,27.2,27.1,27.2,27.0,27.1,27.0,27.1,27.0,27.3,27.2,27.0,27.2,27.0,27.2,27.2,27.2,27.3,27.2,27.1,27.0,27.2,27.2,27.1,27.2,27.1,27.2,27.2,27.2,27.2,27.2,27.0,27.2,27.0,26.8,26.8,26.7,26.7,26.7,26.7,26.7,26.8,26.8,26.7,26.8,26.7,26.8,26.8,26.6,26.9,26.9,27.0,26.8,26.9,26.8,26.8,26.8,26.8,26.8,26.8,26.7,26.8,26.8,26.8,26.9,26.8,26.8,26.8,26.9,26.8,26.8,26.9,26.8,27.0,27.0,26.9,26.9,27.0,27.1,27.1,27.2,27.1,27.1,27.2,27.0,27.0,27.1,26.8,26.8,26.8,26.9,26.8,26.7,26.8,26.9,26.8,26.7,26.7,26.8,26.8,26.9,26.8,27.0,26.9,26.9,26.7,26.8,26.8,26.9,26.9,26.9,26.8,26.7,26.7,26.6,26.7,26.7,26.5,26.6,26.6,26.7,26.8,26.6,26.7,26.8,26.6,26.6,26.6,26.8,26.8,26.7,26.7,26.8,26.7,26.7,26.7,26.6,26.8,26.6,26.7,26.7,26.7,27.0,27.2,27.2,27.3,27.1,27.2,27.1,27.0,27.2,27.3,27.3,27.2,27.2,27.0,27.3,27.1,27.2,27.3,27.2,27.3,27.3,27.2,27.3,27.2,27.3,27.2,27.3,27.2,27.1,27.2,27.2,27.3,27.3,27.2,27.2,27.4,27.3,27.4,27.3,27.4,27.1,27.4,27.4,27.2,27.3,27.4,27.2,27.4,27.2
110,27.1,27.0,27.2,27.2,27.0,27.0,27.0,27.0,27.2,27.1,27.1,27.0,27.0,27.3,27.2,27.2,27.2,27.1,27.1,27.0,27.1,27.0,27.0,27.2,27.2,27.2,27.1,27.2,27.0,27.1,27.1,27.1,27.0,27.0,27.1,26.9,26.8,26.8,26.6,26.7,26.7,26.8,26.6,26.8,26.6,26.8,26.8,26.8,26.7,26.8,26.7,26.8,26.9,26.6,26.9,26.8,26.9,26.8,26.8,26.8,26.9,27.0,26.8,27.0,26.8,26.7,26.8,26.8,26.8,26.9,26.9,26.7,26.9,26.7,27.0,26.9,26.8,26.8,26.9,26.9,27.0,27.0,27.2,27.1,27.2,27.2,27.0,27.1,27.0,26.8,26.7,26.8,26.7,26.8,26.9,27.0,26.8,26.6,26.8,26.9,26.8,27.0,26.9,27.0,26.8,26.9,26.8,26.8,26.8,26.8,26.9,26.8,26.8,26.8,26.7,26.5,26.7,26.7,26.8,26.7,26.7,26.6,26.6,26.6,26.6,26.5,26.6,26.6,26.6,26.6,26.8,26.8,26.7,26.6,26.7,26.6,26.7,26.8,26.7,26.7,26.6,26.8,26.9,26.9,27.2,27.2,27.0,27.2,27.2,27.2,27.1,27.2,27.3,27.2,27.2,27.2,27.3,27.3,27.2,27.4,27.1,27.2,27.2,27.2,27.2,27.2,27.2,27.1,27.2,27.1,27.2,27.3,27.1,27.3,27.3,27.4,27.4,27.2,27.1,27.3,27.2,27.2,27.2,27.2,27.2,27.3,27.4,27.2,27.1,27.2,27.2,27.4
111,27.2,27.1,27.2,27.2,27.3,27.0,27.1,27.2,27.2,27.2,27.2,27.1,27.2,27.0,27.2,27.2,27.1,27.2,27.2,27.3,27.2,27.1,27.2,27.1,27.2,27.2,27.1,27.2,27.2,27.1,27.3,27.2,27.0,27.1,27.0,26.9,26.7,26.7,26.7,26.6,26.8,26.7,26.7,26.7,26.6,26.8,26.7,26.7,26.8,26.8,26.8,26.6,26.9,26.8,27.0,26.7,26.9,27.0,26.7,27.0,26.8,27.0,26.9,26.8,26.8,26.9,26.8,27.0,26.8,26.9,26.9,26.9,26.9,26.9,26.9,27.0,26.9,26.9,26.8,27.0,27.0,27.0,27.1,27.2,27.3,27.3,27.1,27.0,26.9,27.1,26.9,26.8,26.8,26.9,26.8,26.9,26.9,26.8,26.8,26.9,26.8,26.8,26.9,26.9,26.9,26.8,27.0,26.8,27.0,26.9,27.0,27.0,26.7,26.8,27.0,27.0,26.8,26.8,26.7,26.7,26.7,26.8,26.6,26.7,26.6,26.7,26.6,26.8,26.6,26.8,26.8,26.7,26.8,26.7,26.6,26.6,26.8,26.6,26.8,26.8,26.7,26.6,26.8,26.9,27.1,27.3,27.2,27.1,27.1,27.1,27.2,27.2,27.1,27.2,27.1,27.2,27.2,27.3,27.3,27.3,27.0,27.2,27.3,27.3,27.2,27.3,27.5,27.2,27.2,27.2,27.2,27.0,27.2,27.3,27.2,27.2,27.2,27.3,27.5,27.2,27.4,27.3,27.3,27.2,27.2,27.3,27.3,27.3,27.2,27.2,27.2,27.2
112,27.2,27.2,27.2,27.1,27.2,27.1,27.1,27.2,27.2,27.1,27.1,27.1,27.2,27.1,27.0,27.2,27.4,27.2,27.1,27.3,27.3,27.2,27.2,27.2,27.2,27.3,27.2,27.2,27.2,27.1,27.1,27.2,27.1,27.0,27.0,26.8,26.8,26.8,26.8,26.7,26.7,26.6,26.6,26.6,26.7,26.8,26.7,26.9,26.7,26.7,26.7,26.7,26.7,26.7,26.8,26.7,26.7,26.7,26.8,26.8,26.9,26.8,27.0,26.7,26.7,26.8,26.9,26.8,27.0,27.0,27.0,26.7,26.9,26.9,26.9,27.0,26.8,26.8,27.0,26.8,26.9,26.8,27.0,27.1,27.1,27.2,27.1,27.0,27.1,26.9,26.9,26.9,27.0,26.8,26.9,27.0,27.0,26.8,27.0,26.6,27.0,27.0,26.9,26.9,26.8,27.0,26.8,26.8,26.9,26.9,26.8,26.9,26.8,26.8,26.7,26.9,26.9,26.7,26.7,26.7,26.7,26.7,26.6,26.6,26.6,26.6,26.6,26.7,26.8,26.7,26.8,26.8,26.8,26.7,26.5,26.7,26.9,26.8,26.8,26.8,26.7,26.7,26.9,27.1,27.2,27.2,27.2,27.2,27.3,27.2,27.2,27.2,27.2,27.2,27.3,27.1,27.2,27.3,27.2,27.2,27.1,27.3,27.2,27.3,27.1,27.3,27.2,27.2,27.2,27.1,27.2,27.2,27.2,27.1,27.2,27.4,27.4,27.4,27.4,27.2,27.3,27.3,27.3,27.3,27.3,27.4,27.2,27.2,27.3,27.2,27.2,27.2
113,27.1,27.1,27.0,27.1,27.3,27.1,27.2,27.2,27.3,27.1,27.1,27.3,27.2,27.1,27.1,27.1,27.2,27.1,27.1,27.0,27.0,27.1,27.0,27.1,27.1,27.2,27.2,27.1,27.2,27.1,27.1,27.1,27.1,27.0,26.9,26.7,26.8,26.8,26.8,26.7,26.8,26.7,26.7,26.7,26.6,26.9,26.6,26.9,26.6,26.7,26.8,26.8,26.9,26.8,27.0,26.8,26.8,26.8,26.8,26.8,26.8,26.9,26.8,26.7,26.7,26.9,26.8,26.9,26.8,26.9,26.8,26.6,26.8,26.9,26.8,26.8,26.7,26.7,26.8,26.7,26.8,27.0,26.9,26.9,26.9,26.8,27.0,26.9,26.9,27.0,26.9,26.9,27.1,26.8,27.1,27.1,26.9,26.9,26.9,26.9,26.9,26.9,26.8,27.0,26.8,26.9,26.7,26.9,27.0,27.0,26.8,26.8,26.8,26.8,26.8,27.0,26.8,26.7,26.8,26.6,26.7,26.6,26.5,26.6,26.5,26.4,26.6,26.7,26.6,26.6,26.5,26.9,26.8,26.7,26.6,26.8,26.7,26.8,26.7,26.8,26.7,26.7,26.8,26.9,27.0,27.0,27.1,27.1,27.2,27.3,27.1,27.2,27.2,27.2,27.2,27.1,27.2,27.2,27.1,27.1,27.2,27.2,27.1,27.2,27.2,27.2,27.2,27.2,27.2,27.3,27.2,27.2,27.2,27.1,27.0,27.3,27.2,27.2,27.1,27.1,27.2,27.5,27.3,27.3,27.2,27.2,27.4,27.2,27.2,27.2,27.3,27.2
114,27.1,27.1,27.0,27.1,27.0,27.1,27.1,27.1,27.2,27.1,27.2,27.1,27.2,27.2,27.2,27.1,27.2,27.1,27.1,27.2,27.1,27.2,27.1,27.2,27.1,27.2,27.1,27.1,27.2,27.3,27.1,27.1,27.1,27.0,26.9,26.8,26.8,26.7,26.7,26.8,26.7,26.8,26.7,26.8,26.6,26.7,26.7,26.8,26.9,26.9,26.8,26.8,26.8,26.8,26.8,26.8,26.8,26.7,26.6,26.8,26.8,26.8,26.8,26.7,26.8,26.8,26.8,26.7,26.8,26.8,26.9,26.6,26.8,26.6,26.7,26.8,26.7,26.6,26.7,26.7,26.7,26.8,26.9,26.8,26.8,26.9,27.0,26.8,26.9,26.8,27.0,26.8,26.9,27.0,27.0,27.1,26.9,26.7,26.9,27.0,27.0,26.8,26.8,26.8,26.8,26.9,26.8,27.0,27.0,26.8,26.8,26.8,26.7,26.8,26.9,26.9,26.8,26.7,26.6,26.7,26.7,26.5,26.5,26.6,26.7,26.5,26.8,26.6,26.6,26.8,26.7,26.8,26.7,26.7,26.7,26.9,26.7,26.7,26.7,26.8,26.7,26.7,26.9,27.0,27.2,27.0,27.1,27.2,27.3,27.1,27.2,27.1,27.2,27.3,27.2,27.2,27.2,27.1,27.2,27.2,27.1,27.3,27.0,27.3,27.2,27.3,27.2,27.4,27.3,27.4,27.2,27.2,27.1,27.2,27.1,27.3,27.2,27.3,27.3,27.3,27.3,27.4,27.4,27.1,27.3,27.4,27.4,27.3,27.2,27.2,27.1,27.1
115,27.2,27.2,27.2,27.0,27.2,27.0,27.3,27.2,27.0,27.1,27.1,27.1,27.2,27.1,27.2,27.1,27.2,27.1,27.0,27.0,27.2,27.2,27.1,27.3,27.2,27.1,27.3,27.2,27.2,27.1,27.4,27.1,27.0,27.2,27.0,26.8,26.8,26.8,26.9,26.7,26.8,26.9,26.6,26.7,26.8,26.8,26.8,26.8,26.8,26.8,26.7,26.9,26.9,26.7,26.8,26.7,26.9,26.8,26.7,26.9,26.9,26.8,26.7,26.8,26.8,26.8,26.8,26.8,26.7,26.8,26.7,26.7,26.6,26.7,26.6,26.6,26.6,26.6,26.8,26.7,26.8,26.8,26.8,26.7,26.7,26.8,26.7,26.8,26.7,26.8,26.9,26.8,26.9,26.8,27.0,26.9,27.0,26.9,26.7,26.9,27.0,26.9,26.8,26.9,26.9,26.9,26.8,26.8,26.8,26.9,26.9,26.8,26.8,26.7,26.8,26.9,26.7,26.8,26.6,26.6,26.6,26.7,26.7,26.7,26.7,26.6,26.6,26.6,26.6,26.7,26.6,26.7,26.8,26.6,26.6,26.7,26.6,26.7,26.7,26.8,26.8,26.6,26.7,27.0,27.0,27.1,27.1,27.2,27.3,27.2,27.1,27.2,27.2,27.3,27.2,27.2,27.5,27.3,27.3,27.2,27.2,27.2,27.2,27.0,27.2,27.2,27.3,27.3,27.3,27.2,27.4,27.3,27.3,27.0,27.2,27.1,27.3,27.2,27.2,27.3,27.3,27.0,27.4,27.3,27.4,27.3,27.3,27.2,27.3,27.4,27.2,27.4
116,27.2,27.2,27.3,27.1,27.2,27.2,27.2,27.2,27.2,27.1,27.2,27.2,27.4,27.1,27.1,27.2,27.3,27.2,27.1,27.2,27.2,27.2,27.0,27.2,27.2,27.2,27.2,27.4,27.0,27.2,27.2,27.2,27.2,27.1,27.0,26.8,26.8,26.8,26.7,26.8,26.8,26.8,26.7,26.8,26.7,26.8,26.8,26.8,26.8,26.8,26.8,26.8,26.9,26.8,26.9,26.8,26.9,26.8,26.8,26.8,26.9,26.8,26.9,26.8,26.8,26.8,26.8,26.8,26.8,26.7,26.7,26.7,26.6,26.6,26.8,26.6,26.6,26.6,26.7,26.7,26.8,26.9,26.9,26.8,26.8,26.6,26.7,26.7,26.7,26.7,26.7,26.8,26.8,26.7,26.9,27.0,26.9,26.8,27.0,26.9,26.8,26.9,26.8,26.9,26.8,27.1,26.7,26.6,26.9,26.7,26.9,26.8,26.9,26.8,26.8,26.9,26.8,26.7,26.6,26.7,26.7,26.7,26.7,26.8,26.7,26.7,26.6,26.6,26.5,26.8,26.8,26.7,26.9,26.8,26.6,26.6,26.7,26.8,26.8,26.6,26.6,26.8,26.9,26.8,27.0,27.1,27.1,27.3,27.3,27.3,27.2,27.2,27.2,27.2,27.2,27.3,27.2,27.3,27.2,27.2,27.2,27.3,27.2,27.2,27.3,27.3,27.2,27.2,27.2,27.3,27.2,27.3,27.5,27.2,27.3,27.2,27.2,27.2,27.2,27.2,27.2,27.4,27.6,27.5,27.4,27.4,27.2,27.5,27.5,27.3,27.5,27.5
117,27.1,27.3,27.2,27.1,27.2,27.2,27.3,27.1,27.2,27.1,27.2,27.2,27.2,27.2,27.2,27.3,27.2,27.2,27.1,27.2,27.1,27.1,27.1,27.0,27.0,27.1,27.2,27.3,27.2,27.1,27.1,27.2,27.2,27.2,27.2,26.9,26.8,26.8,26.8,26.8,26.6,26.8,26.8,26.8,26.8,26.7,26.8,26.8,26.9,26.8,26.6,27.0,26.9,26.8,26.9,26.8,26.8,26.9,26.7,26.8,26.8,26.9,26.8,26.9,26.7,26.6,26.7,26.6,26.7,26.6,26.7,26.8,26.6,26.6,26.7,26.7,26.6,26.6,26.7,26.7,26.7,26.6,26.6,26.6,26.6,26.6,26.7,26.7,26.8,26.8,26.8,26.7,26.9,27.0,26.8,27.0,27.1,26.8,26.9,26.8,26.9,26.8,26.9,26.8,26.9,26.9,26.8,26.8,26.8,26.8,26.8,26.7,27.0,27.0,26.8,26.8,26.8,26.7,26.6,26.7,26.7,26.6,26.6,26.8,26.8,26.6,26.7,26.7,26.6,26.6,26.7,26.7,26.7,26.7,26.7,26.7,26.7,26.7,26.8,26.8,26.8,26.8,26.8,26.9,27.1,27.1,27.2,27.2,27.1,27.2,27.2,27.1,27.2,27.1,27.3,27.3,27.2,27.2,27.2,27.2,27.2,27.3,27.2,27.3,27.2,27.3,27.3,27.3,27.3,27.3,27.4,27.3,27.2,27.1,27.2,27.1,27.2,27.2,27.2,27.2,27.2,27.2,27.4,27.2,27.3,27.3,27.4,27.2,27.2,27.3,27.4,27.2
118,27.2,27.1,27.2,27.2,27.2,27.3,27.1,27.1,27.3,27.2,27.2,27.1,27.2,27.3,27.2,27.1,27.3,27.2,27.1,27.2,27.3,27.1,27.2,27.0,27.2,27.2,27.2,27.1,27.0,27.3,27.2,27.1,27.2,27.0,27.0,26.8,27.0,26.8,27.0,26.8,26.7,26.8,26.8,26.8,26.7,27.0,26.7,26.7,26.9,26.7,26.8,26.8,26.8,26.9,27.0,26.8,26.8,26.8,26.6,26.7,27.0,27.0,26.9,26.9,26.9,26.8,26.8,26.8,26.7,26.9,26.7,26.6,26.6,26.8,26.7,26.7,26.7,26.7,26.8,26.8,26.7,26.7,26.8,26.7,26.8,26.7,26.8,26.7,26.7,26.8,26.7,26.9,26.7,26.8,26.8,26.9,27.1,26.9,26.8,27.0,26.9,26.9,26.8,26.9,26.8,26.8,26.9,26.8,27.0,26.9,26.8,26.8,26.9,26.7,26.8,26.8,26.6,26.8,26.7,26.7,26.7,26.7,26.6,26.8,26.8,26.7,26.6,26.5,26.7,26.6,26.7,26.8,26.8,26.8,26.7,26.7,26.7,26.7,26.7,26.8,27.0,26.9,27.0,27.0,27.1,27.3,27.1,27.3,27.1,27.2,27.1,27.2,27.1,27.2,27.2,27.1,27.1,27.3,27.3,27.2,27.2,27.2,27.2,27.2,27.2,27.3,27.4,27.3,27.2,27.4,27.2,27.2,27.2,27.2,27.2,27.2,27.2,27.2,27.2,27.3,27.2,27.1,27.2,27.2,27.3,27.2,27.3,27.2,27.4,27.3,27.4,27.3
119,27.1,27.2,27.1,27.2,27.2,27.2,27.2,27.2,27.2,27.1,27.0,27.2,27.1,27.2,27.1,27.1,27.1,27.2,27.1,27.1,27.1,26.9,27.2,27.0,27.2,27.2,27.2,27.2,27.3,27.2,27.2,27.2,27.1,27.0,27.0,26.8,26.7,26.8,26.9,26.8,26.7,26.8,26.7,26.8,26.8,26.8,26.8,26.7,26.8,26.8,26.8,26.7,26.8,26.9,26.7,26.7,26.7,26.8,26.9,26.8,26.9,26.8,27.0,26.9,26.7,26.8,26.8,26.8,26.8,26.8,26.8,26.8,26.8,26.8,26.8,26.6,26.7,26.8,26.7,26.8,26.6,26.8,26.8,26.7,26.6,26.8,26.6,26.8,26.7,26.8,26.7,26.8,26.6,26.8,26.8,27.0,27.0,26.9,26.9,26.8,27.0,27.0,27.0,26.8,27.0,26.9,26.9,26.9,26.7,26.8,26.8,27.0,27.0,27.0,26.8,26.9,26.8,26.7,26.7,26.7,26.8,26.7,26.7,26.7,26.8,26.6,26.9,26.8,26.7,26.6,26.6,26.8,26.8,26.7,26.7,26.8,26.7,26.8,27.0,26.9,26.9,27.1,27.0,27.1,27.2,27.3,27.2,27.3,27.2,27.1,27.2,27.2,27.3,27.2,27.2,27.2,27.1,27.3,27.2,27.3,27.4,27.2,27.1,27.2,27.3,27.3,27.2,27.3,27.3,27.3,27.3,27.2,27.1,27.4,27.2,27.1,27.1,27.3,27.3,27.5,27.3,27.2,27.3,27.3,27.4,27.4,27.0,27.2,27.2,27.3,27.2,27.3
120,27.3,27.2,27.2,27.2,27.2,27.3,27.2,27.2,27.2,27.2,27.5,27.2,27.2,27.3,27.0,27.2,27.1,27.3,27.2,27.3,27.1,27.2,27.1,27.0,27.1,27.1,27.1,27.1,27.2,27.2,27.1,27.2,27.3,27.0,26.9,26.9,26.7,26.8,26.8,26.7,26.8,26.7,26.8,26.9,26.8,26.9,26.8,26.8,26.8,26.9,26.8,26.8,26.8,26.7,26.8,26.7,26.7,26.8,26.7,26.8,26.9,26.9,27.0,26.9,26.8,26.8,26.8,26.8,26.7,26.8,26.8,26.6,26.7,26.6,26.7,26.8,26.8,26.8,26.8,26.7,26.9,26.7,26.7,26.7,26.8,26.8,26.8,26.9,26.8,26.7,26.8,26.8,26.8,26.8,26.9,26.8,27.1,26.8,26.8,26.9,26.7,26.9,26.9,27.0,27.0,26.9,26.9,27.0,26.9,27.0,26.9,26.9,26.7,27.0,26.8,26.7,26.6,26.7,26.6,26.9,26.7,26.7,26.7,26.6,26.8,26.8,26.6,26.7,26.8,26.9,26.8,26.8,26.7,26.8,26.7,26.8,26.8,26.9,27.0,27.0,26.9,27.1,27.0,27.2,27.3,27.2,27.1,27.1,27.2,27.3,27.0,27.1,27.2,27.3,27.2,27.3,27.2,27.2,27.1,27.2,27.2,27.3,27.1,27.2,27.1,27.2,27.2,27.3,27.2,27.4,27.2,27.3,27.5,27.4,27.3,27.4,27.2,27.2,27.2,27.1,27.3,27.2,27.2,27.2,27.1,27.4,27.2,27.1,27.2,27.3,27.2,27.2
121,27.1,27.1,27.1,27.2,27.2,27.2,27.0,27.2,27.3,27.1,27.1,27.1,27.1,27.3,27.0,27.1,27.1,27.1,27.1,27.1,27.1,27.0,27.1,27.2,27.1,27.0,27.1,27.1,27.1,27.2,27.2,27.1,27.2,27.2,27.0,26.9,26.7,26.8,26.8,26.9,26.8,26.7,26.7,26.8,26.6,26.8,26.7,26.8,26.8,26.7,26.7,26.8,26.7,26.7,26.8,26.8,26.8,26.8,27.0,26.8,27.0,26.9,27.0,26.9,26.8,26.8,26.8,26.8,26.6,27.0,26.8,26.8,26.9,26.9,26.8,26.9,26.7,26.6,27.0,27.0,27.0,26.8,26.8,26.8,26.8,26.8,26.9,26.9,26.8,26.8,27.0,26.8,26.8,26.8,26.8,26.8,26.8,26.8,26.8,26.8,26.9,26.8,27.0,26.9,26.9,26.8,26.9,27.0,26.9,27.0,26.9,27.0,27.1,26.9,26.9,26.9,26.9,26.9,26.7,26.7,26.8,26.8,26.9,26.9,26.8,26.8,26.7,26.9,26.6,26.8,26.8,26.7,26.8,26.8,26.6,26.6,27.0,26.9,27.0,27.0,27.0,27.0,27.2,27.1,27.2,27.1,27.2,27.2,27.1,27.3,27.2,27.2,27.3,27.1,27.3,27.2,27.3,27.2,27.2,27.2,27.1,27.3,27.3,27.2,27.2,27.3,27.2,27.1,27.2,27.4,27.4,27.2,27.4,27.2,27.3,27.3,27.3,27.2,27.3,27.2,27.3,27.2,27.2,27.3,27.1,27.2,27.3,27.1,27.2,27.2,27.2,27.2
122,27.1,27.1,27.2,27.1,27.3,27.2,27.3,27.2,27.1,27.3,27.2,27.0,27.2,27.2,27.2,27.2,27.1,27.2,27.2,27.3,27.2,27.1,27.1,27.2,27.0,27.0,27.0,27.1,27.2,27.2,27.0,27.1,27.2,27.1,27.0,26.8,26.8,26.8,26.8,26.6,26.6,26.8,26.6,26.7,26.6,26.7,26.6,27.0,26.9,26.7,26.7,26.8,26.8,26.7,26.8,26.8,26.8,26.8,26.8,27.0,27.1,27.0,27.0,26.8,26.9,26.8,26.7,26.8,26.8,26.8,26.8,26.9,26.9,26.8,26.8,26.8,26.7,26.8,26.9,26.9,26.9,26.8,27.0,26.6,26.8,26.9,27.0,26.7,26.8,26.7,26.8,26.8,26.8,26.8,26.9,27.0,26.8,26.8,26.8,26.8,27.0,26.9,27.1,26.8,27.0,27.2,27.1,27.0,27.0,27.2,26.9,27.0,27.0,26.9,27.0,26.9,26.9,27.0,26.9,26.9,27.0,26.8,26.8,26.9,26.9,26.8,27.0,26.9,26.7,26.9,26.9,26.8,26.9,26.7,26.7,26.8,26.9,26.9,27.0,27.1,27.2,27.2,27.2,27.1,27.3,27.3,27.2,27.2,27.2,27.2,27.2,27.1,27.1,27.3,27.1,27.2,27.2,27.3,27.1,27.2,27.3,27.4,27.2,27.3,27.2,27.2,27.1,27.2,27.3,27.3,27.4,27.2,27.3,27.4,27.3,27.3,27.3,27.2,27.5,27.2,27.2,27.2,27.2,27.1,27.1,27.2,27.1,27.1,27.2,27.2,27.2,27.3
123,27.0,27.0,27.3,26.9,27.1,27.0,27.0,27.2,27.1,27.2,27.1,27.0,27.1,27.1,27.1,27.1,27.0,27.0,27.1,27.2,27.1,27.0,27.0,26.9,27.0,27.1,27.1,27.1,27.1,27.2,27.2,27.2,27.2,27.0,26.9,27.0,26.8,26.9,26.7,26.8,26.8,26.7,26.8,26.7,26.7,26.7,26.7,26.7,26.8,26.8,26.8,26.8,26.8,26.7,26.7,26.8,26.8,26.9,26.9,27.0,27.0,27.0,27.0,26.8,26.8,26.9,26.7,26.8,26.7,26.9,26.8,26.7,26.8,26.8,27.0,26.8,26.7,26.7,26.8,26.9,26.9,26.7,26.8,26.9,26.8,26.8,27.0,27.0,27.0,26.9,26.8,26.8,26.9,26.8,26.8,26.8,26.9,26.8,26.7,26.7,26.8,27.0,27.0,27.0,27.0,27.1,27.1,27.1,27.0,27.2,27.1,27.0,26.9,27.0,27.1,26.9,26.8,27.0,26.8,26.9,26.9,26.9,27.0,27.0,26.9,26.9,26.8,26.9,26.7,26.7,26.8,26.7,26.8,26.7,26.8,26.8,26.7,26.9,27.1,27.0,27.1,27.1,27.1,27.3,27.2,27.2,27.1,27.2,27.2,27.2,27.1,27.3,27.1,27.2,27.3,27.2,27.1,27.2,27.3,27.2,27.2,27.4,27.2,27.2,27.2,27.2,27.2,27.2,27.1,27.2,27.3,27.1,27.3,27.3,27.2,27.2,27.1,27.2,27.3,27.3,27.2,27.3,27.2,27.3,27.2,27.3,27.3,27.4,27.1,27.4,27.1,27.3
124,27.1,27.2,27.1,27.1,27.1,27.2,27.2,27.3,27.2,27.2,27.3,27.2,27.1,27.3,27.2,27.1,27.2,27.1,27.1,27.2,27.1,27.1,27.0,27.0,26.8,27.0,27.1,27.3,27.1,27.0,27.1,27.2,27.0,27.2,27.0,26.9,26.7,26.8,26.7,26.8,26.8,26.6,26.5,26.6,26.8,26.8,26.7,26.7,26.7,26.7,26.8,26.9,26.8,26.8,26.8,26.8,26.6,26.8,26.8,26.8,26.8,26.8,27.0,26.8,26.8,26.8,26.6,26.8,26.9,26.7,26.8,26.8,26.8,26.8,26.7,26.9,26.8,26.7,26.9,26.9,26.9,26.9,26.8,26.8,26.8,26.9,26.8,26.8,26.8,26.7,26.6,26.8,26.9,26.8,27.0,27.0,26.8,26.7,26.7,26.8,26.8,27.0,26.8,26.9,27.2,26.8,26.8,27.1,27.1,27.1,26.9,27.0,27.0,27.0,26.9,27.0,26.8,26.9,26.9,26.9,26.9,26.8,26.9,26.8,26.8,26.9,26.7,26.8,26.7,26.8,26.7,26.6,26.7,26.6,26.7,26.7,26.7,26.8,27.0,27.0,27.0,27.2,27.1,27.2,27.2,27.2,27.2,27.1,27.1,27.2,27.1,27.2,27.1,27.1,27.2,27.2,27.2,27.2,27.0,27.1,27.2,27.2,27.2,27.2,27.3,27.3,27.1,27.3,27.2,27.2,27.1,27.1,27.3,27.3,27.2,27.2,27.1,27.3,27.2,27.3,27.2,27.2,27.1,27.2,27.2,27.4,27.1,27.3,27.2,27.1,27.2,27.1
125,27.1,27.2,27.2,27.2,27.2,27.2,27.2,27.1,27.4,27.1,27.3,27.1,27.2,27.1,27.1,27.2,27.1,27.0,27.1,27.1,27.1,27.1,27.0,27.1,26.9,27.2,27.1,27.1,27.2,27.2,27.3,27.0,27.2,27.1,27.2,26.9,26.9,26.8,26.8,26.8,26.8,26.8,26.8,26.8,26.8,26.8,26.7,26.7,26.8,26.8,26.8,26.7,26.8,26.8,26.8,26.8,26.8,26.8,26.8,27.0,26.9,27.0,27.0,26.8,26.8,26.9,26.7,26.9,26.8,26.9,26.9,26.8,26.8,26.9,26.8,26.8,26.8,26.8,26.9,26.8,26.9,26.8,26.9,26.7,26.8,26.9,27.0,26.9,26.8,26.9,26.8,26.8,26.7,26.6,26.8,26.9,26.9,26.7,26.8,26.7,26.8,26.9,26.9,26.8,27.0,26.9,27.0,26.9,26.9,26.9,26.9,27.0,26.9,27.0,27.0,27.0,27.0,26.8,26.8,26.8,26.9,26.8,26.8,26.8,26.8,26.9,26.8,26.8,26.7,26.9,26.9,26.7,26.7,26.7,26.8,26.8,26.9,27.0,26.9,27.1,27.0,27.3,27.1,27.1,27.2,27.2,27.0,27.2,27.1,27.2,27.1,27.2,27.3,27.2,27.0,27.2,27.2,27.1,27.1,27.2,27.0,27.3,27.2,27.2,27.2,27.2,27.2,27.1,27.2,27.4,27.3,27.3,27.3,27.0,27.2,27.1,27.2,27.2,27.2,27.1,27.4,27.4,27.2,27.2,27.1,27.3,27.2,27.2,27.0,27.2,27.3,27.1
126,27.1,27.2,27.0,27.0,27.1,27.1,27.1,27.0,27.1,27.2,27.2,27.2,27.1,27.1,27.2,27.2,27.2,27.1,27.1,27.1,27.0,27.0,27.0,27.1,27.0,27.1,27.1,27.2,27.1,27.2,27.1,27.1,27.1,27.0,27.0,26.9,26.8,26.7,26.8,26.8,26.7,26.8,26.6,26.8,26.7,26.6,26.8,26.8,26.8,26.7,26.7,26.8,26.8,26.7,26.8,26.8,26.9,26.7,26.8,26.8,26.8,26.9,26.9,26.9,26.8,26.9,26.7,26.7,26.8,26.9,26.6,26.8,26.8,26.8,26.8,26.8,26.7,26.8,26.8,26.9,26.8,26.7,26.9,26.8,26.8,26.9,26.9,26.9,26.9,27.0,26.9,26.8,26.8,26.7,26.8,26.8,26.7,26.9,26.8,26.7,26.8,26.9,26.8,27.0,27.0,26.8,26.7,26.8,26.9,26.9,26.8,26.8,26.8,26.8,26.9,26.8,26.8,26.8,26.8,26.8,26.7,26.8,26.8,26.8,26.8,26.8,26.8,26.7,26.6,26.6,26.6,26.7,26.8,26.6,26.5,26.7,26.6,26.9,27.0,27.1,27.2,27.1,27.1,27.2,27.2,27.1,27.2,27.2,27.2,27.2,27.1,27.3,27.3,27.2,27.2,27.1,27.3,27.2,27.2,27.2,27.2,27.2,27.3,27.3,27.2,27.2,27.3,27.2,27.3,27.2,27.2,27.3,27.3,27.2,27.2,27.3,27.2,27.3,27.2,27.3,27.2,27.2,27.2,27.2,27.2,27.3,27.2,27.2,27.2,27.2,27.2,27.2
127,27.1,27.0,27.1,27.1,27.2,27.2,27.1,27.3,27.2,27.3,27.1,27.2,27.2,27.2,27.2,27.1,27.2,27.2,27.0,27.0,27.0,27.0,27.2,27.1,27.0,27.0,27.1,27.2,27.2,27.0,27.2,27.2,27.2,26.9,26.8,26.9,26.9,26.7,26.8,26.9,26.8,26.9,26.7,26.8,26.6,26.8,26.8,26.8,26.8,26.8,26.6,26.7,26.8,26.6,26.8,26.8,26.8,26.8,26.7,26.8,26.8,26.8,26.9,26.7,26.9,26.7,27.0,26.8,26.8,26.7,26.8,26.7,26.7,26.9,26.7,26.9,26.8,26.9,26.8,26.8,26.8,26.9,26.8,26.8,26.8,26.8,26.9,26.8,26.8,26.9,26.7,26.8,26.8,26.8,27.0,26.7,26.9,26.8,26.8,26.9,26.8,26.9,26.7,26.7,26.9,26.8,26.7,26.7,27.0,27.0,26.7,26.6,27.0,26.9,26.9,26.8,26.9,26.6,26.8,26.6,26.7,26.6,26.9,26.7,26.6,26.7,26.8,26.6,26.7,26.7,26.8,26.9,26.6,26.8,26.7,26.6,26.8,27.0,27.0,27.0,27.1,27.2,27.0,27.1,27.2,27.2,27.0,27.2,27.2,27.1,27.2,27.2,27.2,27.3,27.0,27.2,27.2,27.1,27.2,27.2,27.1,27.3,27.2,27.2,27.3,27.2,27.1,27.2,27.2,27.3,27.3,27.2,27.3,27.1,27.2,27.3,27.1,27.3,27.2,27.2,27.1,27.2,27.2,27.1,27.2,27.4,27.1,27.1,27.1,27.1,27.3,27.2
128,27.0,27.2,27.2,27.2,27.0,27.2,27.1,27.1,27.1,27.4,27.2,27.1,27.2,27.2,27.1,27.2,27.2,27.1,27.0,27.1,27.1,27.0,27.1,27.2,27.1,27.1,27.2,27.2,27.2,27.1,27.2,27.2,27.1,27.0,26.9,26.9,26.9,26.7,26.8,26.7,26.8,26.8,26.6,26.7,26.8,26.8,26.7,26.8,26.8,26.9,26.9,26.8,26.8,26.8,26.8,26.8,26.8,26.6,26.7,26.8,26.8,26.7,26.9,27.0,26.7,26.8,26.7,26.7,26.8,26.9,26.9,26.7,26.7,26.8,26.8,26.9,26.8,26.7,27.0,26.8,26.9,26.9,26.8,26.8,26.9,26.9,26.9,26.8,26.9,27.0,26.8,26.8,26.9,26.7,26.8,26.9,26.8,26.6,26.8,27.0,26.8,26.9,26.7,26.7,26.6,26.8,26.8,26.8,26.8,26.8,26.8,26.7,26.6,26.7,26.7,26.8,26.8,26.6,26.9,26.8,26.8,26.7,26.7,26.9,26.7,26.7,26.6,26.8,26.6,26.8,26.7,26.7,26.7,26.6,26.7,26.7,26.8,26.9,26.9,27.0,27.0,27.1,27.3,27.2,27.3,27.4,27.1,27.0,27.2,27.1,27.1,27.1,27.2,27.2,27.2,27.2,27.2,27.2,27.2,27.3,27.3,27.2,27.2,27.3,27.2,27.2,27.1,27.2,27.1,27.3,27.2,27.0,27.2,27.3,27.2,27.2,27.3,27.1,27.1,27.2,27.0,27.2,27.2,27.2,27.2,27.2,27.2,27.2,27.2,27.2,27.3,27.2
129,27.0,27.0,27.1,27.0,27.2,27.1,27.0,27.2,27.1,27.2,27.0,27.0,27.2,27.1,27.0,27.2,27.1,27.1,27.0,27.1,27.2,27.1,27.1,27.1,27.1,27.2,27.2,27.2,27.2,27.3,27.1,27.2,27.1,26.9,27.0,26.8,26.8,26.7,26.7,26.7,26.6,26.7,26.6,26.8,26.7,26.8,26.8,26.8,26.8,26.8,26.9,26.8,26.9,26.7,26.7,26.6,26.8,26.8,26.8,26.8,26.7,26.9,26.8,26.8,26.7,26.7,26.8,26.8,26.8,26.8,26.9,26.7,26.8,26.9,26.8,26.8,26.8,26.7,26.9,26.8,26.9,26.8,26.7,26.7,26.9,26.9,26.9,26.9,26.8,26.8,26.7,26.8,26.8,26.7,26.7,26.8,26.8,26.6,26.9,26.7,26.9,26.8,26.8,26.8,26.9,26.8,27.0,26.8,26.8,26.8,26.8,26.7,26.9,27.1,26.8,26.9,26.8,26.8,26.9,26.7,26.8,26.7,26.8,27.0,26.8,26.7,26.8,26.8,26.8,26.7,26.6,26.7,26.7,26.7,26.8,26.8,26.8,27.0,27.0,27.1,27.1,27.2,27.2,27.1,27.2,27.0,27.1,27.2,27.2,27.1,27.2,27.1,27.2,27.2,27.1,27.2,27.2,27.3,27.4,27.2,27.2,27.2,27.2,27.3,27.1,27.2,27.1,27.2,27.1,27.3,27.2,27.2,27.1,27.2,27.2,27.2,27.3,27.2,27.1,27.2,27.1,27.2,27.2,27.2,27.1,27.1,27.2,27.2,27.2,27.2,27.4,27.2
130,27.0,27.2,27.1,27.1,27.2,27.2,27.1,27.0,27.2,27.2,27.2,27.1,27.1,27.2,27.1,27.1,27.2,27.3,27.0,27.2,27.2,27.1,27.3,27.1,27.2,27.2,27.2,27.0,27.3,27.1,27.3,27.2,27.0,27.1,27.0,26.7,26.7,26.9,26.8,26.7,26.7,26.8,26.8,26.8,26.8,26.7,26.8,26.9,26.8,26.7,26.7,26.7,26.8,26.9,26.9,26.8,26.7,26.8,26.7,26.8,26.8,26.8,26.8,26.8,26.8,26.8,26.7,26.8,26.8,26.8,26.7,26.6,26.6,26.8,26.8,26.9,26.9,26.8,26.8,26.8,26.8,26.8,26.8,26.7,26.8,26.8,26.8,26.9,26.8,26.8,26.9,26.6,26.8,26.8,26.9,26.8,26.8,26.9,26.9,26.8,26.8,26.8,27.0,26.8,27.0,26.8,26.8,27.0,27.0,26.8,27.0,26.7,27.0,26.9,26.8,26.8,26.8,26.8,26.8,26.8,26.8,26.8,26.9,26.9,26.8,26.8,26.7,26.8,26.7,26.8,26.6,26.8,26.8,26.7,26.9,26.8,26.8,26.9,27.1,27.0,27.1,27.2,27.0,27.3,27.2,27.2,27.2,27.1,27.3,27.3,27.1,27.2,27.2,27.2,27.0,27.1,27.2,27.2,27.2,27.3,27.2,27.4,27.3,27.2,27.3,27.2,27.2,27.2,27.2,27.3,27.2,27.1,27.3,27.2,27.2,27.1,27.2,27.2,27.2,27.2,27.1,27.2,27.1,27.2,27.2,27.3,27.2,27.2,27.2,27.3,27.2,27.3
131,27.0,27.1,26.9,27.3,27.1,27.0,27.0,27.0,27.1,27.0,27.0,27.0,27.2,27.0,27.2,27.0,27.0,27.2,27.2,27.1,27.1,27.0,27.1,27.1,27.1,27.2,27.0,27.2,27.2,27.1,27.2,27.2,27.1,27.1,27.0,27.0,27.0,26.7,26.8,26.7,26.8,26.7,26.8,26.7,26.7,26.9,26.7,26.7,26.8,26.7,26.8,26.8,26.8,26.8,26.8,26.6,26.7,26.8,26.8,26.8,26.8,26.8,26.8,26.8,26.8,26.7,26.8,26.6,26.8,26.8,26.8,26.8,26.8,26.8,27.0,26.8,26.8,26.8,26.8,26.8,26.7,26.7,26.8,26.8,26.9,26.9,26.8,26.8,26.8,26.9,26.7,26.7,26.8,26.9,26.9,26.9,26.7,26.7,26.8,26.6,26.8,26.9,26.8,27.0,27.0,26.9,27.0,26.8,26.8,26.9,26.8,26.8,26.8,26.9,26.8,27.0,26.8,26.8,26.9,26.8,26.9,26.8,26.7,26.8,26.8,26.8,26.8,26.9,26.7,26.8,26.7,26.7,26.9,26.8,26.7,26.7,26.9,27.0,27.1,27.0,27.0,27.1,27.1,27.2,27.4,26.9,27.0,27.2,27.1,27.1,27.2,27.1,27.1,27.2,27.1,27.2,27.2,27.2,27.2,27.2,27.1,27.2,27.2,27.1,27.3,27.2,27.2,27.1,27.1,27.2,27.2,27.1,27.2,27.1,27.2,27.2,27.3,27.1,27.3,27.3,27.3,27.1,27.0,27.2,27.1,27.2,27.2,27.3,27.2,27.1,27.2,27.1
132,27.1,27.0,27.0,27.1,27.1,26.9,27.1,27.1,27.0,27.2,27.0,27.2,27.1,27.1,27.1,27.1,27.2,27.1,27.1,27.2,27.1,26.9,27.1,27.0,27.0,27.1,27.0,27.0,27.2,27.1,27.2,27.3,27.2,27.0,27.0,26.7,26.8,26.7,26.6,26.7,26.7,26.7,26.6,26.7,26.8,26.7,26.8,26.8,26.7,26.8,26.8,26.9,26.8,26.7,26.7,26.6,26.7,26.6,26.6,26.7,26.8,26.8,27.0,26.8,26.7,26.8,26.7,26.7,26.7,26.8,26.8,26.7,26.9,26.7,26.8,26.7,26.7,26.7,27.0,26.7,26.9,26.8,26.8,26.8,26.8,26.9,26.8,26.8,26.8,26.8,26.8,26.6,26.8,26.7,26.8,26.8,26.7,26.7,26.8,26.8,26.8,26.8,26.8,26.7,27.0,26.9,26.9,26.9,26.9,26.8,26.7,26.8,26.8,26.8,26.6,26.8,26.8,26.8,26.6,26.8,26.8,26.7,26.6,26.9,26.8,26.7,26.7,26.6,26.6,26.6,26.7,26.6,26.6,26.6,26.7,26.7,26.8,26.9,27.1,27.2,27.1,27.0,27.1,27.1,27.3,27.2,27.2,27.2,27.0,27.0,27.0,27.2,27.3,27.1,27.1,27.4,27.2,27.2,27.2,27.2,27.1,27.3,27.2,27.2,27.1,27.2,27.1,27.0,27.2,27.2,27.2,27.2,27.4,27.1,27.1,27.3,27.3,27.1,27.1,27.2,27.0,27.2,27.3,27.2,27.2,27.2,27.3,27.0,27.5,27.2,27.3,27.0
133,27.1,26.9,27.0,27.1,27.3,27.0,27.0,27.1,27.3,27.1,27.2,27.1,27.1,27.0,27.0,27.1,27.0,27.1,27.0,27.1,27.1,27.0,27.1,27.1,27.1,27.2,27.2,27.0,27.1,27.2,27.1,27.1,27.1,27.2,27.0,26.9,26.9,26.8,26.7,26.8,26.7,26.7,26.8,26.7,26.7,26.8,26.6,26.9,26.8,26.8,26.8,26.6,26.9,26.7,26.8,26.6,26.7,26.8,26.7,26.8,26.9,26.7,26.9,26.8,26.8,26.7,26.7,27.0,26.8,26.9,26.8,26.6,26.9,26.8,26.8,26.7,26.7,26.8,26.8,26.8,26.9,26.8,26.8,26.8,26.8,26.8,26.8,26.7,26.9,26.9,26.8,26.8,26.8,26.8,26.9,27.0,26.9,26.8,26.9,26.7,26.9,26.7,26.8,26.9,26.9,26.7,26.8,27.0,26.9,26.8,26.9,26.7,26.7,26.7,26.7,26.8,26.7,26.6,26.7,26.8,26.7,26.7,26.8,26.8,26.7,26.8,26.6,26.7,26.7,26.6,26.7,26.7,26.8,26.7,26.8,26.9,26.7,26.9,26.9,26.9,27.2,27.2,27.0,27.2,27.2,27.2,27.2,27.1,27.3,27.1,27.1,27.2,27.3,27.3,27.2,27.2,27.1,27.1,27.3,27.2,27.2,27.2,27.2,27.1,27.2,27.3,27.2,27.2,27.2,27.1,27.2,27.3,27.2,27.2,27.2,27.2,27.2,27.2,27.4,27.2,27.1,27.3,27.4,27.1,27.2,27.2,27.2,27.4,27.3,27.2,27.4,27.3
134,27.2,27.1,27.1,27.2,27.1,27.2,27.1,27.2,27.2,27.3,27.3,27.1,27.1,27.2,27.1,27.1,27.2,27.2,27.2,27.2,27.0,27.2,27.2,27.0,27.0,27.2,27.2,27.0,27.2,27.1,27.2,27.2,27.1,27.0,27.0,26.8,26.8,26.9,26.7,26.9,26.8,26.7,26.8,26.8,26.8,26.8,26.8,26.6,26.7,26.7,26.8,26.8,26.8,26.8,26.8,26.8,26.8,26.7,26.7,26.7,26.8,26.9,26.7,26.8,26.8,26.7,26.6,26.6,26.8,26.8,26.7,26.8,26.8,26.8,26.6,26.7,26.9,26.8,26.7,26.7,26.8,26.8,26.8,26.8,26.8,26.9,27.0,26.7,26.9,26.8,26.9,26.8,27.0,26.8,27.0,26.8,26.9,26.8,26.7,26.8,26.8,26.9,26.7,26.8,27.0,26.9,26.8,27.0,26.8,26.8,26.8,26.8,26.8,26.8,26.8,26.8,26.9,26.7,26.8,26.6,26.8,26.9,26.7,26.8,27.0,26.9,26.7,26.8,26.7,26.8,26.6,26.8,26.8,26.7,26.7,26.7,26.9,26.8,26.8,26.9,27.0,27.0,27.0,27.1,27.3,27.1,27.1,27.4,27.1,27.2,27.0,27.2,27.2,27.1,27.3,27.3,27.2,27.3,27.2,27.2,27.2,27.2,27.1,27.3,27.1,27.2,27.1,27.2,27.2,27.1,27.2,27.4,27.2,27.2,27.2,27.2,27.2,27.2,27.1,27.1,27.1,27.2,27.3,27.2,27.0,27.1,27.2,27.4,27.3,27.2,27.2,27.3
135,27.1,27.0,27.2,27.0,27.0,27.1,27.2,27.2,27.2,27.0,27.1,27.1,27.1,27.1,26.9,27.1,27.1,27.2,27.2,27.2,27.1,27.0,27.2,27.1,27.0,27.1,27.0,27.1,27.2,27.2,27.2,27.2,27.1,27.0,26.9,26.9,26.8,26.8,26.6,26.8,26.8,26.7,26.7,26.7,26.7,26.8,26.8,26.9,26.8,26.8,26.8,26.8,27.0,26.7,27.0,26.7,26.9,26.8,26.8,26.8,26.8,26.8,26.8,26.8,26.8,26.8,26.9,26.7,26.6,26.8,26.8,26.6,26.8,26.8,26.8,26.8,26.8,26.9,26.9,26.8,26.8,26.8,26.8,26.7,26.8,26.8,26.9,26.8,26.7,26.8,26.8,26.8,26.9,26.8,26.8,26.9,26.9,26.8,26.8,26.7,26.8,26.8,26.8,26.8,26.9,26.6,26.9,26.9,26.7,26.8,26.9,26.8,26.7,26.9,26.7,26.9,26.7,26.8,26.7,26.7,26.8,26.8,26.7,26.8,26.8,26.7,26.6,26.7,26.7,26.7,26.8,26.8,26.7,26.6,26.6,26.8,26.8,26.7,26.8,26.7,26.9,27.0,27.0,27.2,27.2,27.2,27.1,27.2,27.2,27.2,27.1,27.2,27.1,27.2,27.2,27.1,27.3,27.1,27.3,27.1,27.1,27.3,27.1,27.2,27.2,27.2,27.1,27.0,27.2,27.4,27.2,27.2,27.3,27.1,27.2,27.2,27.2,27.2,27.2,27.2,27.2,27.2,27.2,27.1,27.2,27.2,27.2,27.2,27.5,27.4,27.3,27.3
136,27.1,27.1,27.0,27.1,27.0,27.2,27.1,27.2,27.2,27.0,27.1,27.0,27.1,27.2,27.2,27.0,27.1,27.2,27.2,27.1,27.1,27.1,27.1,26.9,27.1,27.0,27.2,27.1,27.1,27.2,27.2,27.1,27.2,27.1,26.9,26.8,26.8,26.8,26.8,26.6,26.7,26.8,26.7,26.7,26.8,26.8,26.8,26.8,26.8,26.7,26.7,26.8,26.9,26.8,26.8,26.7,26.8,26.9,26.7,26.8,26.8,27.0,26.9,26.9,26.8,26.8,26.8,26.9,26.7,26.8,26.8,26.8,26.8,26.8,26.8,26.8,26.8,26.6,26.8,26.8,27.0,26.7,26.8,26.9,26.8,26.7,26.9,26.8,26.8,26.8,26.6,26.9,26.7,26.6,26.6,26.8,26.8,26.7,26.8,26.8,26.8,26.8,26.8,26.8,26.8,26.7,26.9,26.9,26.9,26.8,26.8,26.8,26.7,26.8,26.8,26.9,26.8,26.7,26.6,26.8,26.6,26.7,26.8,26.8,26.8,26.7,26.8,26.9,26.7,26.7,26.4,26.8,26.8,26.8,26.7,26.7,26.6,26.7,26.6,26.8,26.9,27.0,27.0,27.1,27.2,27.3,27.2,27.2,27.2,27.0,27.1,27.1,27.2,27.3,27.2,27.2,27.4,27.2,27.3,27.2,27.2,27.3,27.2,27.3,27.2,27.2,27.3,27.2,27.1,27.2,27.2,27.2,27.4,27.4,27.2,27.2,27.1,27.3,27.1,27.2,27.2,27.2,27.1,27.3,27.3,27.2,27.2,27.1,27.1,27.2,27.3,27.3
137,26.9,27.0,27.1,27.0,27.0,27.2,27.1,27.2,27.4,27.2,27.0,26.9,27.2,27.0,27.1,27.0,27.2,27.3,27.2,27.2,27.1,27.1,27.0,27.2,27.1,27.1,27.2,27.3,27.3,27.1,27.2,27.2,27.2,27.0,27.1,26.9,26.8,26.8,26.9,26.8,26.8,26.8,26.9,26.8,26.7,27.0,26.9,26.8,26.8,26.9,26.8,26.8,26.9,26.8,27.0,26.8,26.9,26.7,26.8,26.8,26.8,26.8,26.9,26.8,26.8,26.9,26.8,26.8,26.8,26.8,26.8,26.8,26.8,26.8,26.8,26.8,26.8,26.8,26.9,26.8,26.8,26.7,26.8,26.8,26.9,26.7,26.9,26.8,26.7,26.9,26.8,27.0,26.8,26.9,26.9,26.8,26.8,26.8,27.0,26.8,26.8,26.9,26.7,26.9,26.9,26.8,26.8,26.8,26.9,26.8,26.7,26.8,26.6,26.8,26.8,26.9,26.8,26.8,26.7,26.9,26.8,26.8,27.0,26.7,26.8,26.9,26.8,26.7,26.6,26.7,26.7,26.8,26.7,26.8,26.6,26.7,26.7,26.7,26.6,26.9,26.9,27.0,27.0,27.2,27.2,27.2,27.2,27.1,27.3,27.2,27.2,27.0,27.2,27.2,27.1,27.3,27.4,27.3,27.2,27.2,27.2,27.2,27.3,27.2,27.2,27.2,27.1,27.2,27.2,27.2,27.3,27.1,27.4,27.2,27.2,27.2,27.2,27.2,27.2,27.2,27.1,27.3,27.2,27.2,27.2,27.4,27.2,27.1,27.2,27.2,27.2,27.3
138,27.0,27.1,26.9,27.0,27.0,27.0,27.2,27.0,27.3,27.1,27.0,26.9,27.0,27.1,27.1,27.1,27.2,27.2,27.1,27.2,27.2,27.0,27.2,27.1,27.1,27.2,27.2,27.0,27.2,27.3,27.1,27.0,27.3,27.0,27.1,26.8,26.9,26.7,26.8,26.8,26.8,26.7,26.8,26.9,26.8,26.8,26.7,26.8,26.8,26.7,26.7,26.8,26.8,26.8,26.7,26.7,26.8,26.7,26.9,27.0,26.8,26.8,26.9,26.8,26.8,26.7,26.8,26.7,26.7,26.8,26.8,26.8,26.9,26.8,26.7,26.8,27.0,26.8,27.0,26.8,26.8,26.8,26.8,26.8,26.8,26.8,26.8,26.8,26.8,26.8,26.9,26.8,26.9,26.8,26.7,26.7,26.9,27.0,27.0,26.8,26.9,27.0,26.8,26.9,27.0,26.9,26.9,26.9,26.8,26.8,26.7,26.8,26.8,26.9,26.8,26.8,26.9,26.9,26.9,26.8,27.0,26.8,26.8,26.9,26.7,26.9,26.8,26.7,26.7,26.8,26.6,26.7,26.7,26.8,26.5,26.7,26.8,26.8,26.8,26.8,26.8,27.0,27.1,27.1,27.3,27.1,27.1,27.1,27.2,27.1,27.2,27.2,27.1,27.2,27.2,27.3,27.2,27.4,27.1,27.2,27.3,27.3,27.2,27.1,27.3,27.2,27.3,27.2,27.3,27.3,27.3,27.3,27.3,27.3,27.2,27.2,27.2,27.2,27.2,27.1,27.3,27.1,27.2,27.2,27.3,27.4,27.3,27.2,27.1,27.3,27.2,27.2
139,27.0,26.8,27.0,27.1,27.0,27.1,27.1,27.0,27.2,27.1,27.1,27.0,27.0,27.2,27.0,27.2,27.2,27.3,27.2,27.0,27.0,27.0,27.1,27.3,27.2,27.1,27.1,27.2,27.2,27.2,27.2,27.2,27.2,27.0,27.0,26.7,26.9,26.8,26.7,26.7,26.8,26.8,26.8,26.8,26.8,26.8,26.7,26.8,26.8,26.7,26.8,26.7,26.9,26.9,26.8,26.8,26.8,26.8,26.8,26.7,26.9,26.8,27.0,26.9,26.7,26.8,26.7,26.8,26.8,26.8,26.9,26.8,26.9,26.8,27.0,26.7,26.8,26.8,26.7,26.8,26.7,26.7,26.9,26.7,26.8,26.8,26.8,26.8,26.8,26.8,26.8,26.8,26.9,26.8,26.9,26.8,26.8,26.7,26.8,26.9,26.9,26.8,26.7,26.7,26.7,26.7,26.7,26.8,27.0,26.9,26.7,26.8,26.7,26.8,26.7,26.7,26.7,26.8,26.6,26.7,26.7,26.9,26.6,26.8,26.8,26.8,26.7,26.7,26.6,26.7,26.8,26.8,26.7,26.7,26.6,26.6,26.6,26.7,26.8,26.7,26.9,26.9,27.0,27.2,27.1,27.2,27.1,27.1,27.0,27.2,26.9,27.1,27.1,27.1,27.3,27.1,27.1,27.2,27.2,27.3,27.1,27.2,27.2,27.1,27.1,27.1,27.2,27.2,27.1,27.2,27.3,27.1,27.2,27.2,27.3,27.2,27.1,27.2,27.1,27.3,27.2,27.2,27.2,27.2,27.2,27.3,27.0,27.2,27.2,27.1,27.1,27.3
140,27.0,26.9,26.9,27.0,27.1,27.0,27.0,26.9,27.1,27.0,27.1,27.0,27.0,27.2,27.2,27.3,27.1,27.0,27.1,27.2,27.1,27.1,27.1,27.2,27.2,27.2,27.2,27.2,27.2,27.2,27.2,27.1,27.2,27.0,26.9,26.8,26.8,26.7,26.7,26.7,26.8,27.0,26.7,26.7,26.7,26.8,26.9,26.7,26.8,26.6,26.6,26.8,26.8,26.7,26.7,26.8,26.8,26.8,27.0,26.7,26.8,26.9,26.7,26.8,26.8,26.8,26.7,26.7,26.7,26.7,26.9,26.8,26.8,26.8,26.9,26.9,26.8,26.8,26.9,26.8,27.0,26.8,26.8,26.7,26.7,26.8,26.7,26.7,26.8,26.6,26.7,26.8,26.7,26.7,26.8,26.9,26.9,26.8,26.8,26.8,26.8,26.8,26.8,26.7,26.9,26.8,26.8,26.8,26.8,26.8,26.9,26.8,26.7,26.7,26.7,26.7,26.7,26.9,26.6,26.6,26.7,26.8,26.8,26.9,26.6,26.7,26.7,26.6,26.8,26.6,26.7,26.6,26.6,26.5,26.7,26.7,26.7,26.7,26.6,26.7,26.9,27.2,27.0,27.3,27.3,27.2,27.2,27.2,27.1,27.1,27.0,27.2,27.3,27.2,27.0,27.2,27.1,27.0,27.3,27.3,27.3,27.2,27.2,27.2,27.2,27.2,27.1,27.2,27.1,27.4,27.3,27.4,27.4,27.3,27.1,27.3,27.1,27.2,27.3,27.1,27.2,27.5,27.2,27.2,27.2,27.2,27.2,27.0,27.1,27.0,27.2,27.3
141,27.0,27.0,26.9,27.0,26.9,27.0,26.8,27.0,26.9,27.0,27.0,27.1,27.2,27.1,27.2,27.1,27.0,27.2,27.1,27.2,27.4,27.2,27.1,27.1,27.2,27.2,27.1,27.2,27.2,27.1,27.2,27.1,27.2,27.2,27.0,26.9,26.8,26.8,26.8,26.8,26.6,26.7,26.8,26.8,26.8,26.8,26.8,26.9,26.7,26.8,26.8,26.7,26.9,26.7,26.8,26.7,26.9,26.8,26.8,26.8,26.7,26.8,27.0,26.8,26.7,26.8,26.8,26.6,26.6,26.8,26.7,26.6,26.8,26.8,27.0,26.8,26.8,27.0,26.8,26.7,26.8,26.8,26.7,26.8,26.8,26.8,26.9,26.7,26.7,26.8,26.7,26.8,26.8,27.0,26.6,26.9,26.9,26.6,27.0,26.8,26.8,26.8,27.0,26.8,27.0,26.7,26.8,26.7,26.7,26.8,26.8,26.7,26.9,26.7,26.8,26.9,26.7,27.0,26.9,26.7,26.9,26.8,26.8,26.8,26.9,26.8,26.8,26.7,26.6,26.6,26.8,26.6,26.7,26.7,26.8,26.7,26.7,26.7,26.8,26.8,26.9,27.0,27.1,27.2,27.2,27.2,27.3,27.2,27.3,27.2,27.0,27.0,27.2,27.2,27.3,27.2,27.2,27.2,27.1,27.2,27.5,27.2,27.1,27.4,27.2,27.3,27.2,27.4,27.1,27.2,27.3,27.2,27.3,27.2,27.4,27.1,27.2,27.1,27.2,27.1,27.2,27.1,27.2,27.2,27.1,27.3,27.3,27.2,27.0,27.3,27.2,27.3
142,26.7,27.0,26.9,27.0,26.9,26.9,26.9,26.9,26.9,27.0,27.0,27.2,27.2,27.2,27.2,27.2,27.2,27.3,27.2,27.2,27.2,27.1,27.1,27.0,27.2,27.2,27.2,27.2,27.3,27.1,27.2,27.2,27.1,27.1,26.9,26.9,26.9,26.7,26.8,26.7,26.7,26.9,26.7,26.7,26.5,26.8,26.6,26.8,26.8,26.6,26.6,26.8,26.7,26.8,26.8,26.8,26.7,26.8,26.8,26.8,26.7,26.8,26.9,26.7,26.7,26.8,26.7,26.7,26.6,26.7,26.7,26.6,26.6,26.7,26.7,26.7,26.8,26.7,26.9,26.8,26.8,26.8,26.8,26.8,26.7,26.9,26.8,26.7,26.6,26.8,26.7,26.7,26.8,26.7,26.7,26.8,26.8,26.8,26.9,26.8,26.7,26.9,26.8,26.9,26.7,26.8,26.7,26.9,26.9,26.8,26.7,26.7,26.6,26.8,26.7,26.8,26.9,26.8,26.7,26.8,26.6,26.8,26.6,26.9,26.8,26.8,26.7,26.7,26.7,26.6,26.7,26.7,26.6,26.7,26.7,26.7,26.7,26.7,26.7,26.9,27.0,27.1,27.2,27.2,27.2,27.2,27.1,27.2,27.2,27.1,27.1,27.1,27.1,27.1,27.0,27.2,27.1,27.2,27.3,27.1,27.1,27.2,27.1,27.1,26.9,27.3,27.1,27.2,27.2,27.2,27.2,27.2,27.2,27.3,27.2,27.1,27.2,27.2,27.3,27.2,27.2,27.1,27.2,27.1,27.2,27.2,27.2,27.0,27.1,27.0,27.0,27.3
143,26.7,27.0,27.0,26.8,26.8,27.0,27.0,26.8,27.0,27.1,27.1,27.2,27.2,27.2,27.2,27.2,27.0,27.1,27.3,27.2,27.1,27.1,27.1,27.1,27.0,27.2,27.1,27.2,27.1,27.2,27.2,27.1,27.1,26.9,27.0,26.8,27.0,26.8,26.8,26.7,26.8,26.8,26.5,26.8,26.8,26.8,26.8,26.8,26.8,26.7,26.7,26.8,26.8,26.7,26.8,26.7,26.8,26.8,26.6,26.8,26.9,27.0,26.7,26.8,26.6,26.7,26.6,26.8,26.8,26.6,26.7,26.6,26.7,26.8,26.7,26.8,26.8,26.8,26.9,26.7,26.7,26.8,26.6,26.8,26.7,26.6,26.7,26.6,26.7,26.6,26.7,26.8,26.7,26.8,26.8,26.9,27.0,26.8,26.8,26.8,26.8,26.8,26.8,26.7,26.8,26.7,26.9,26.9,26.8,26.8,26.8,26.6,26.8,26.8,26.7,26.9,26.9,26.8,26.8,26.8,26.8,26.7,26.8,26.7,26.8,26.8,26.7,26.7,26.6,26.6,26.7,26.7,26.9,26.6,26.8,26.7,26.6,26.8,26.8,26.8,26.9,27.1,27.2,27.2,27.2,27.2,27.1,27.2,27.3,27.1,27.0,27.0,27.0,27.1,27.1,27.3,27.1,27.2,27.3,27.2,27.4,27.2,27.2,27.3,27.2,27.2,27.2,27.1,27.1,27.1,27.3,27.3,27.2,27.2,27.3,27.2,27.4,27.2,27.3,27.3,27.2,27.2,27.2,27.1,27.2,27.3,27.2,27.1,27.1,27.2,27.1,27.2
144,26.9,27.0,27.0,26.8,27.0,27.0,26.9,27.0,27.1,27.2,27.2,27.2,27.2,27.3,27.3,27.1,27.2,27.2,27.2,27.2,27.2,27.2,27.2,27.2,27.2,27.3,27.2,27.2,27.2,27.3,27.2,27.2,27.2,27.1,27.0,26.8,26.8,26.8,26.7,26.8,26.7,26.8,26.8,26.7,26.7,26.9,26.8,27.0,26.9,26.9,26.8,26.9,27.0,26.9,26.8,26.8,26.8,26.7,26.8,26.7,26.9,26.9,26.8,26.8,26.7,26.8,26.7,26.7,26.7,26.8,26.7,26.8,26.8,26.8,26.8,26.8,26.8,26.9,26.9,26.7,26.6,26.8,26.8,26.8,26.7,26.8,26.7,26.7,26.8,26.6,26.8,26.7,26.8,27.0,26.8,26.9,26.8,26.9,26.9,26.9,26.8,26.9,26.8,26.9,26.8,26.7,26.7,26.9,26.9,26.9,27.0,26.6,26.8,26.7,26.8,26.8,26.8,26.8,26.9,26.9,26.9,26.8,26.8,26.8,26.8,26.8,26.5,26.6,26.6,26.8,26.6,26.8,26.8,26.8,26.8,26.6,26.8,26.8,26.8,27.1,27.1,27.1,27.2,27.2,27.4,27.3,27.2,27.3,27.2,27.2,27.1,27.2,27.0,27.1,27.3,27.1,27.2,27.1,27.4,27.3,27.3,27.3,27.3,27.3,27.2,27.3,27.4,27.2,27.3,27.2,27.3,27.2,27.3,27.4,27.3,27.3,27.3,27.3,27.2,27.2,27.2,27.3,27.2,27.2,27.1,27.2,27.3,27.1,27.2,27.3,27.1,27.2
145,26.9,27.0,26.8,27.0,27.0,26.7,27.1,27.0,27.2,27.1,27.0,27.0,27.1,27.2,27.1,26.9,27.1,27.1,27.0,27.2,27.2,27.3,27.1,27.3,27.1,27.3,27.3,27.2,27.3,27.2,27.2,27.2,27.0,27.2,27.0,26.9,26.8,26.8,26.8,26.8,26.8,26.8,26.7,26.8,26.9,26.9,26.9,26.8,26.8,26.8,26.8,26.9,26.8,26.8,26.9,26.8,26.9,26.8,26.8,26.9,26.8,26.8,26.9,26.7,26.8,26.9,26.8,26.7,26.7,27.0,26.8,26.5,26.7,26.8,26.6,26.7,26.8,26.8,26.8,26.8,26.6,26.7,26.7,26.6,26.8,26.7,26.6,26.6,26.6,26.7,26.7,26.7,26.7,26.9,26.8,26.9,26.9,26.8,26.8,26.8,26.8,26.8,26.7,26.8,26.8,26.8,26.7,26.9,26.8,26.7,26.8,26.7,26.7,26.9,26.7,26.9,26.8,26.9,26.6,26.8,26.6,26.7,26.7,26.7,26.7,26.7,26.8,26.7,26.7,26.8,26.9,26.7,26.8,26.8,26.6,26.7,26.7,27.0,27.0,27.1,27.1,27.1,27.2,27.1,27.2,27.0,27.2,27.1,27.2,27.1,27.2,27.2,27.1,27.1,27.2,27.2,27.0,27.3,27.1,27.2,27.2,27.2,27.3,27.1,27.2,27.2,27.1,27.1,27.1,27.2,27.4,27.3,27.2,27.2,27.2,27.2,27.2,27.1,27.2,27.3,27.3,27.2,27.1,27.2,27.0,27.0,27.2,27.1,27.2,27.0,27.1,27.2
146,27.2,27.0,27.0,26.9,26.8,27.0,27.0,27.2,27.1,27.1,27.1,27.0,27.1,27.2,27.1,27.0,27.1,27.0,27.2,27.0,27.2,27.1,27.2,27.1,27.2,27.3,27.3,27.2,27.2,27.2,27.3,27.3,27.2,27.2,27.0,26.8,26.8,26.8,26.8,26.9,26.8,26.7,26.9,26.8,26.7,26.7,26.7,26.6,26.8,26.8,26.7,26.8,27.0,26.9,26.8,26.8,26.9,26.9,26.8,26.8,26.8,26.8,26.7,26.8,26.7,26.8,26.7,26.8,26.7,26.7,26.6,26.8,26.7,26.7,26.7,26.7,26.7,26.6,26.8,26.8,26.9,26.6,26.7,26.7,26.7,26.8,26.8,26.8,26.6,26.6,26.6,26.8,26.8,26.6,26.8,26.8,26.9,26.8,26.9,26.8,26.8,26.7,26.7,26.6,26.9,26.8,26.8,26.8,26.8,27.0,26.9,26.7,26.8,26.8,26.8,26.9,26.9,27.0,26.8,26.8,26.8,26.8,26.8,26.8,26.8,26.8,26.8,26.8,26.8,26.6,26.8,26.8,26.8,26.9,27.0,26.9,26.8,27.0,27.0,27.0,27.0,27.2,27.3,27.2,27.3,27.2,27.2,27.2,27.2,27.2,27.2,27.0,27.1,27.1,27.1,27.1,27.1,27.2,27.1,27.3,27.1,27.3,27.2,27.1,27.1,27.1,27.2,27.3,27.1,27.2,27.2,27.2,27.2,27.2,27.2,27.3,27.2,27.4,27.2,27.2,27.3,27.3,27.0,27.2,27.2,27.1,27.0,27.3,27.3,27.2,27.3,27.2
147,26.8,27.0,27.1,26.9,27.1,27.1,27.2,27.2,27.1,27.1,27.2,27.1,27.2,27.0,27.2,27.1,27.3,27.2,27.3,27.1,27.1,27.2,27.2,27.2,27.2,27.2,27.2,27.1,27.2,27.4,27.3,27.2,27.1,27.2,27.1,26.9,26.8,26.8,26.8,26.8,26.8,26.8,26.8,26.8,26.8,26.8,26.8,26.8,26.8,26.9,26.9,26.8,26.8,26.9,26.8,26.9,27.0,26.8,26.9,26.8,27.0,26.8,26.7,26.8,26.8,26.8,26.8,26.9,26.7,26.7,26.8,26.8,26.8,26.7,26.8,26.7,26.8,26.7,26.8,26.7,26.9,26.7,26.7,26.8,26.6,26.7,26.7,26.6,26.7,26.7,26.8,26.7,26.9,26.6,26.8,26.8,26.9,26.6,27.1,26.7,26.9,26.8,26.7,26.8,26.9,26.9,26.8,26.8,26.9,26.8,26.8,26.7,26.9,26.9,26.7,26.9,26.8,26.7,26.9,26.9,26.8,26.7,26.8,26.8,26.9,26.9,26.9,26.9,26.8,26.7,26.8,26.9,26.8,26.8,26.8,26.8,27.0,27.1,27.1,27.0,27.2,27.1,27.2,27.2,27.1,27.2,27.1,27.1,27.3,27.0,27.1,27.1,27.1,27.1,27.1,27.2,27.0,27.1,27.0,27.0,27.1,27.3,27.1,27.2,27.2,27.2,27.3,27.1,27.3,27.4,27.2,27.2,27.1,27.1,27.4,27.2,27.3,27.2,27.3,27.4,27.1,27.1,27.2,27.1,27.0,27.2,27.2,27.2,27.0,27.2,27.0,27.2
148,27.0,26.9,27.0,27.1,27.2,27.0,27.1,27.1,27.2,27.0,27.1,27.0,27.1,27.1,27.1,27.1,27.1,27.0,27.1,27.2,27.2,27.0,27.1,27.1,27.2,27.2,27.2,27.3,27.2,27.1,27.3,27.1,27.2,27.2,27.0,26.9,26.8,26.7,26.6,26.7,26.7,26.8,26.6,26.8,26.6,26.8,26.9,27.1,26.9,26.9,26.9,26.8,26.9,26.7,26.7,26.8,26.8,26.9,26.8,26.9,26.9,26.8,26.8,26.7,26.7,26.7,26.7,26.8,26.6,26.8,26.6,26.8,26.7,26.8,26.8,26.8,26.6,26.6,26.9,26.8,26.7,26.6,26.6,26.8,26.8,26.6,26.7,26.8,26.6,26.6,26.8,26.8,26.7,26.7,26.7,26.8,26.7,26.8,26.8,26.7,26.7,26.8,26.8,26.8,26.7,26.7,26.8,26.7,26.6,26.9,26.9,26.7,26.8,26.9,26.8,26.8,26.8,26.8,26.8,26.7,26.8,26.7,26.7,26.6,26.7,26.7,26.8,26.7,26.6,26.8,26.8,26.7,26.9,26.8,26.8,26.9,27.0,27.1,27.0,27.0,27.1,27.1,27.2,27.2,27.2,27.1,27.0,27.1,27.4,27.2,27.2,27.2,27.1,27.0,27.2,27.1,27.0,27.0,27.1,27.2,27.2,27.1,27.1,27.2,27.1,27.2,26.9,27.1,27.0,27.2,27.1,27.2,27.3,27.2,27.2,27.2,27.2,27.2,27.2,27.1,27.0,27.1,27.0,27.2,27.1,27.0,27.2,27.0,27.1,26.9,27.1,27.1
149,27.0,27.1,27.2,27.1,27.1,27.3,27.2,27.1,27.3,27.3,27.2,27.0,27.0,27.1,27.2,27.2,27.1,27.2,27.0,27.0,27.3,27.3,27.2,27.2,27.2,27.2,27.3,27.2,27.2,27.3,27.3,27.3,27.3,27.0,27.1,27.0,26.9,26.8,26.7,26.8,26.8,26.7,26.7,26.7,26.9,26.7,26.8,26.8,26.9,26.9,27.0,26.9,27.0,26.8,26.7,26.9,26.8,26.8,26.8,27.0,26.8,26.8,26.8,26.8,26.8,26.7,26.7,26.7,26.7,26.9,27.0,26.8,26.8,26.7,26.8,26.8,26.7,26.9,26.7,26.8,26.9,26.8,26.8,26.8,26.9,27.0,26.8,26.7,26.8,26.6,26.8,26.9,26.9,26.8,26.8,26.8,27.0,26.8,26.8,26.8,26.7,26.8,26.8,26.7,26.7,26.7,26.7,26.7,26.8,26.9,26.8,26.6,26.7,26.7,26.7,26.8,26.8,26.8,26.8,26.7,26.8,26.6,26.8,26.7,26.8,26.8,26.9,26.7,26.9,26.9,26.8,26.8,26.9,26.8,26.8,26.9,27.0,27.1,27.2,27.2,27.1,27.1,27.0,27.2,27.1,27.0,27.0,27.2,27.1,27.2,27.1,27.0,27.2,27.0,27.0,27.1,27.2,27.1,27.0,27.0,27.3,27.2,27.1,27.0,27.2,27.2,27.0,27.1,27.3,27.2,27.0,27.1,27.3,27.2,27.2,27.2,27.2,27.1,27.3,27.2,27.1,27.2,27.0,27.0,27.0,27.1,27.0,27.1,27.0,27.1,27.0,27.0
150,27.0,27.0,27.1,27.1,27.1,27.1,27.3,27.2,27.3,27.3,27.2,27.1,27.0,27.2,27.1,27.1,27.2,27.2,27.0,27.1,27.0,27.2,27.2,27.2,27.2,27.3,27.2,27.2,27.2,27.2,27.2,27.2,27.2,27.2,27.1,26.9,26.8,26.8,26.8,26.7,26.8,26.7,26.8,26.7,26.8,26.9,26.8,26.9,26.8,26.8,26.9,26.8,26.8,26.7,26.8,26.9,26.8,26.8,26.8,26.8,26.8,26.8,26.8,26.8,26.8,26.7,26.7,26.7,26.7,26.9,27.0,26.8,26.8,26.8,26.8,26.7,26.9,26.8,26.9,26.9,26.8,26.8,26.8,26.8,26.8,26.8,26.8,26.8,26.7,26.8,26.6,26.8,26.7,26.8,26.8,26.8,26.8,26.8,26.8,26.7,26.7,26.7,26.8,26.8,26.7,26.7,26.7,26.6,26.8,26.8,26.8,26.6,26.7,26.7,26.7,26.7,26.8,26.8,26.8,26.8,26.7,26.7,26.7,26.8,26.8,26.8,26.8,26.9,26.9,26.9,26.8,26.9,26.8,26.8,26.8,26.9,27.0,27.1,27.1,27.2,27.2,27.1,27.2,27.2,27.2,27.1,27.0,27.1,27.2,27.2,27.1,27.1,27.0,27.2,27.1,27.1,27.1,27.2,27.1,27.2,27.2,27.2,27.0,27.0,27.0,27.0,27.1,27.1,27.2,27.2,27.2,27.1,27.1,27.2,27.2,27.2,27.2,27.2,27.2,27.3,27.2,27.1,27.0,27.0,27.0,27.1,27.0,27.0,27.1,27.1,27.1,27.1
151,27.0,27.1,27.0,27.1,27.3,27.2,27.1,27.4,27.2,27.3,27.2,27.0,27.2,27.4,27.1,27.1,27.1,27.2,27.0,27.1,27.2,27.0,27.1,27.2,27.3,27.2,27.1,27.2,27.2,27.2,27.1,27.2,27.2,27.2,27.2,26.8,26.8,26.8,26.7,26.8,26.7,26.8,26.8,26.8,26.8,26.9,26.9,26.8,26.8,26.8,26.7,26.7,26.8,26.8,26.8,26.9,26.9,26.7,26.8,26.8,26.8,26.8,26.9,26.8,26.8,26.8,26.7,26.8,26.7,26.9,27.0,26.7,26.7,26.8,26.9,26.9,26.7,26.9,26.9,26.9,26.8,26.9,26.8,26.9,26.8,26.9,26.8,26.7,26.7,26.8,26.7,26.6,26.7,26.7,26.8,26.7,26.8,26.8,26.8,26.6,26.7,26.9,26.8,26.8,26.8,26.7,26.6,26.6,26.9,26.9,26.8,26.6,26.7,26.8,26.7,26.7,26.8,26.9,26.8,26.8,26.7,26.7,26.7,26.8,26.8,26.8,26.8,26.8,26.9,26.8,26.9,26.9,27.0,26.8,26.9,26.9,27.0,27.1,27.1,27.2,27.2,27.2,27.1,27.2,27.1,27.2,27.1,27.0,27.2,27.2,27.2,27.0,27.1,27.2,27.2,27.1,27.1,27.2,27.2,27.1,27.1,27.2,27.0,27.0,27.0,27.1,27.0,27.2,27.2,27.2,27.1,27.2,27.2,27.1,27.3,27.2,27.2,27.2,27.2,27.2,27.3,27.1,27.1,27.3,27.0,27.2,26.9,27.0,27.2,27.2,27.1,27.2
152,27.1,27.3,27.2,27.3,27.2,27.2,27.2,27.4,27.0,27.2,27.3,27.1,27.3,27.2,27.2,27.2,27.1,27.2,27.3,27.0,27.1,27.1,27.2,27.2,27.3,27.2,27.3,27.1,27.3,27.2,27.3,27.2,27.1,27.1,27.1,27.0,27.0,26.8,26.7,26.7,26.6,26.8,26.7,26.8,26.7,26.8,26.8,26.8,26.8,26.8,26.8,27.0,26.9,26.8,27.0,26.9,26.9,26.9,26.7,26.8,26.8,26.8,26.7,26.7,26.6,26.7,26.7,26.7,26.8,27.0,26.7,26.9,26.8,27.0,26.9,26.8,26.8,26.9,26.8,26.9,26.8,27.0,27.1,26.9,26.9,26.8,26.7,26.9,26.8,26.8,26.8,26.8,26.8,26.7,26.8,27.0,26.8,26.8,26.7,26.7,26.8,26.9,26.9,26.8,26.7,26.7,26.7,26.6,26.9,26.7,26.8,26.9,26.6,26.8,26.7,26.8,26.8,26.7,26.9,26.7,26.8,26.8,26.8,26.9,26.8,26.7,26.8,26.8,26.7,26.8,26.8,27.0,26.8,26.7,26.8,26.9,26.8,27.0,27.1,26.9,27.2,27.1,27.2,27.2,27.3,27.1,27.1,27.0,27.1,27.2,27.0,27.1,27.1,27.2,27.1,27.2,27.2,27.2,27.1,27.2,27.3,27.2,27.1,27.1,27.1,27.2,27.2,27.1,27.2,27.2,27.2,27.0,27.4,27.2,27.1,27.1,27.2,27.2,27.2,27.2,27.0,27.2,27.1,27.0,27.1,27.1,27.0,27.0,27.1,26.9,27.1,27.1
153,27.1,27.2,27.3,27.3,27.3,27.4,27.2,27.2,27.2,27.4,27.3,27.2,27.3,27.4,27.2,27.2,27.2,27.1,27.0,27.0,27.2,27.1,27.3,27.3,27.2,27.3,27.2,27.2,27.2,27.1,27.3,27.2,27.1,27.1,27.1,26.9,26.9,26.7,26.8,26.6,26.7,26.8,26.7,26.6,26.8,26.7,26.7,26.9,26.7,27.0,26.8,26.9,26.8,26.8,27.0,26.8,26.8,26.8,26.8,26.9,26.9,26.8,26.8,26.8,26.8,26.7,26.6,26.8,26.8,26.9,26.8,26.8,26.9,26.9,26.8,26.9,26.9,26.7,26.9,26.9,26.8,26.8,26.8,26.8,26.8,26.8,26.8,26.8,26.7,26.7,26.8,26.8,26.7,26.7,26.7,26.7,26.7,26.8,26.8,26.6,26.8,26.7,26.6,26.8,26.9,26.8,26.8,26.9,26.8,26.8,26.7,26.7,26.9,26.7,26.8,26.8,26.6,26.8,26.7,26.8,26.8,26.7,26.8,26.9,26.8,26.8,26.6,26.9,26.7,26.8,26.8,26.9,26.9,26.6,26.7,26.8,26.9,27.1,27.0,27.1,27.1,27.2,27.0,27.2,27.1,27.2,27.3,27.1,27.2,27.0,27.3,27.2,27.1,27.1,27.0,27.0,27.2,27.0,27.2,27.2,27.1,27.2,27.1,27.1,27.1,27.2,27.0,27.1,27.0,27.2,27.2,27.3,27.2,27.1,27.2,27.3,27.3,27.1,27.1,27.2,27.2,27.2,27.4,27.2,27.2,27.2,27.1,27.0,27.2,27.2,27.4,27.0
154,27.3,27.2,27.3,27.3,27.5,27.3,27.3,27.2,27.3,27.4,27.2,27.1,27.2,27.3,27.2,27.2,27.2,27.2,27.2,27.1,27.1,27.1,27.2,27.2,27.2,27.1,27.2,27.1,27.3,27.2,27.3,27.3,27.3,27.0,27.0,27.1,26.9,26.8,26.8,26.8,26.7,26.8,26.7,26.8,26.9,26.9,26.6,26.8,26.9,26.9,26.8,26.8,26.8,26.8,26.9,26.8,27.0,27.0,26.8,26.8,26.9,26.9,26.7,26.7,26.8,26.6,26.7,26.8,26.7,26.8,26.8,26.8,26.7,26.8,26.8,26.9,26.8,26.8,26.8,26.9,26.8,26.8,26.7,26.9,27.0,26.8,26.8,26.8,26.6,26.7,26.7,26.6,26.8,26.7,26.7,26.8,26.8,26.8,26.7,26.7,26.6,26.8,26.8,26.8,26.8,26.8,26.8,26.8,26.8,26.8,26.9,26.8,26.8,26.6,26.8,26.9,26.8,26.7,26.9,26.7,26.9,26.8,26.8,26.7,26.8,26.8,26.7,26.8,26.6,26.7,26.7,26.8,26.8,26.8,26.8,26.7,27.0,27.0,27.0,27.2,27.0,27.1,27.0,27.0,27.2,27.2,27.2,27.2,27.1,27.1,27.2,27.2,27.2,27.2,27.1,27.1,27.1,27.2,27.1,27.2,27.1,27.0,27.2,27.0,27.2,27.2,27.1,27.1,27.2,27.3,27.2,27.2,27.2,27.1,27.1,27.2,27.1,27.0,27.2,27.1,27.2,27.1,27.1,27.1,27.1,27.2,27.2,27.0,27.1,27.0,27.0,27.0
155,27.2,27.2,27.3,27.2,27.3,27.3,27.2,27.3,27.4,27.2,27.2,27.2,27.4,27.2,27.1,27.2,27.2,27.2,27.2,27.2,27.2,27.1,27.1,27.2,27.2,27.3,27.2,27.2,27.3,27.2,27.2,27.2,27.1,27.1,27.0,27.0,27.0,27.0,26.8,26.8,26.8,26.7,26.8,26.8,26.8,26.7,26.7,26.7,26.8,26.8,26.8,26.8,26.8,26.8,26.7,27.0,26.8,26.8,26.9,26.8,26.8,26.8,26.7,26.8,26.8,26.8,26.6,26.6,26.8,26.8,26.9,26.9,26.8,26.8,26.9,26.9,26.7,26.7,26.9,26.8,26.9,26.7,26.8,26.8,26.8,26.8,26.8,27.0,26.7,26.7,26.7,26.6,26.8,26.8,26.9,26.8,26.8,26.8,26.9,26.8,26.8,26.8,26.6,26.8,26.7,26.7,26.8,26.8,26.9,26.8,26.7,26.8,26.7,26.8,26.9,26.8,26.7,26.7,26.8,26.7,26.9,26.6,26.8,26.6,26.8,26.8,26.8,26.8,26.6,26.8,26.8,26.8,26.8,27.0,26.9,26.7,26.8,27.0,27.1,27.0,27.0,27.1,27.0,27.1,27.0,27.2,27.2,27.1,27.1,27.0,27.0,27.0,27.2,27.1,27.0,27.0,27.2,27.2,27.2,27.1,27.1,27.2,27.2,27.1,27.3,27.2,27.2,26.9,27.2,27.2,27.2,27.0,27.2,27.2,27.1,27.2,27.2,27.1,27.2,27.1,27.0,27.2,27.0,27.1,27.0,27.0,26.9,27.1,27.2,27.1,27.2,27.1
156,27.2,27.4,27.3,27.3,27.3,27.3,27.3,27.3,27.5,27.2,27.3,27.2,27.3,27.3,27.2,27.1,27.2,27.2,27.2,27.1,27.1,27.1,27.2,27.2,27.1,27.2,27.1,27.1,27.2,27.2,27.2,27.1,27.2,27.2,27.2,26.8,26.9,27.0,26.8,26.8,26.8,26.8,26.7,26.8,26.8,26.7,26.8,26.9,27.0,26.7,26.6,26.9,26.9,26.7,26.8,26.8,26.7,26.9,26.8,26.8,26.7,26.9,26.7,26.8,26.8,26.8,26.7,26.8,26.9,27.0,26.8,26.8,26.9,26.9,27.0,26.9,26.8,26.8,26.9,26.9,26.9,26.8,26.7,26.8,26.9,26.8,26.8,26.8,26.8,26.8,26.8,26.8,26.8,26.7,26.7,26.9,26.8,26.8,26.8,26.6,26.8,26.8,26.7,26.8,26.8,26.8,26.8,26.8,26.9,26.9,26.9,26.8,26.8,26.7,26.8,26.8,26.8,26.8,26.8,26.7,26.8,26.8,26.7,26.8,26.8,26.8,26.7,26.7,26.8,26.7,26.8,26.8,26.8,26.8,26.8,26.9,26.8,27.0,27.1,27.1,27.2,27.0,27.0,27.1,27.1,27.1,27.1,27.2,27.1,27.2,27.0,27.1,27.1,27.1,27.1,27.0,27.1,27.0,27.0,27.2,26.9,27.2,27.0,27.1,27.1,27.2,27.0,27.1,27.1,27.1,27.2,27.1,27.2,27.2,27.2,27.1,27.1,27.0,27.0,27.0,27.1,27.1,27.2,27.0,27.1,27.1,26.9,27.2,27.3,27.1,27.0,27.0
157,27.3,27.2,27.3,27.3,27.4,27.2,27.3,27.3,27.3,27.3,27.3,27.2,27.2,27.3,27.2,27.3,27.1,27.2,27.0,27.1,27.1,27.0,27.1,27.1,27.0,27.2,27.3,27.2,27.3,27.1,27.2,27.2,27.2,27.1,26.9,26.8,26.8,26.7,26.6,26.8,26.8,26.8,26.7,26.8,26.8,26.7,26.8,26.8,26.8,26.7,26.7,26.8,26.8,26.7,26.6,26.8,26.7,26.7,26.7,26.9,26.8,26.7,26.7,26.6,26.6,26.8,26.8,26.5,26.7,26.9,26.8,26.7,26.9,26.7,26.7,26.8,26.7,26.8,27.0,26.8,26.8,26.7,26.8,26.7,26.8,26.8,26.7,26.8,26.7,26.6,26.6,26.7,26.7,26.6,26.8,26.7,26.7,26.7,26.7,26.7,26.7,26.8,26.8,26.7,26.6,26.7,26.7,26.8,26.8,26.8,26.8,26.8,26.9,26.7,26.8,26.8,26.7,26.8,26.8,26.6,26.6,26.8,26.8,26.7,26.7,26.7,26.8,26.6,26.7,26.8,26.9,26.7,26.8,27.0,26.6,27.0,26.7,27.0,27.0,27.1,26.9,27.0,27.1,27.1,27.1,27.0,27.1,27.0,27.0,27.0,27.1,27.2,27.1,27.1,27.0,27.0,27.2,27.1,27.2,27.2,27.1,27.0,27.1,27.0,27.1,27.0,27.2,27.2,27.1,27.0,27.2,27.1,27.2,27.2,27.1,27.1,27.1,27.1,27.0,27.2,27.1,27.1,27.0,27.1,27.0,27.1,27.0,27.2,27.2,27.1,27.2,27.4
158,27.3,27.3,27.2,27.2,27.2,27.3,27.4,27.3,27.3,27.2,27.4,27.2,27.0,27.2,27.1,27.1,27.1,27.2,27.3,27.3,27.1,27.2,27.2,27.1,27.2,27.2,27.2,27.3,27.2,27.2,27.2,27.3,27.2,27.0,27.0,27.0,26.7,26.7,26.6,26.8,26.7,26.7,26.7,26.7,26.8,26.6,26.8,26.8,26.7,26.7,26.8,26.6,26.7,26.7,26.9,26.8,26.7,26.8,26.7,26.9,26.8,26.8,26.7,26.7,26.6,26.6,26.7,26.6,26.8,26.6,26.8,26.8,26.9,27.0,26.8,26.9,26.8,26.8,26.8,26.7,27.0,26.8,26.8,26.8,26.7,26.8,26.8,26.7,26.8,26.7,26.8,26.7,26.7,26.7,26.9,26.8,26.6,26.7,26.8,26.8,26.8,27.0,26.7,26.7,26.8,26.7,26.7,26.8,26.9,27.0,26.8,26.8,26.6,26.9,26.7,26.7,26.8,26.8,26.7,26.9,26.6,26.8,26.7,26.7,26.8,26.8,26.7,26.8,26.7,26.7,26.8,26.8,26.7,26.9,26.8,26.9,26.7,26.9,26.8,26.8,27.0,26.9,27.1,27.1,27.1,27.1,27.2,27.1,27.2,27.1,27.0,27.2,27.0,27.1,27.1,27.2,27.0,27.1,27.1,27.2,27.1,26.9,27.0,27.0,26.8,27.0,27.0,27.2,27.1,27.2,27.2,27.0,27.2,27.0,27.1,27.0,27.0,27.0,27.2,26.9,27.1,27.3,27.0,27.1,27.0,27.4,27.3,27.1,27.0,27.1,27.2,27.3
159,27.2,27.3,27.2,27.3,27.3,27.4,27.3,27.3,27.2,27.2,27.2,27.3,27.2,27.4,27.2,27.2,27.4,27.1,27.3,27.1,27.3,27.2,27.3,27.1,27.3,27.4,27.1,27.2,27.1,27.1,27.1,27.3,27.1,27.0,27.0,26.9,26.8,26.9,26.7,26.7,26.8,26.8,26.7,26.8,26.7,26.8,26.7,26.8,26.8,26.8,26.8,26.8,26.7,26.9,26.8,26.7,26.8,26.7,26.8,26.7,26.7,26.8,26.7,26.6,26.7,26.7,26.7,26.8,26.6,26.8,26.9,26.7,26.8,26.6,26.9,26.9,26.8,26.8,26.7,26.9,26.8,26.7,26.8,26.7,26.8,26.8,26.8,26.7,26.7,26.8,26.7,26.8,26.8,26.7,26.8,26.7,26.7,26.6,26.9,26.7,26.6,26.8,26.8,26.6,26.8,26.8,26.8,26.9,26.8,26.8,26.8,26.8,26.8,26.9,26.7,26.7,26.7,26.7,26.8,26.7,26.7,26.6,26.8,26.8,26.8,26.6,26.7,26.7,26.6,26.8,26.7,26.8,26.7,26.7,26.9,26.6,26.7,26.8,26.7,26.8,27.0,26.8,27.0,27.1,27.0,27.0,27.0,27.0,27.1,27.0,26.9,27.0,27.0,27.0,27.1,27.0,26.9,27.0,27.2,27.1,27.0,27.1,27.0,27.0,27.0,27.0,27.0,27.0,27.0,27.0,27.1,27.0,27.1,27.0,27.0,27.0,27.1,27.1,27.2,27.2,27.2,27.3,27.2,27.1,27.1,27.2,27.2,27.1,27.1,27.2,27.2,27.1
160,27.2,27.2,27.5,27.5,27.3,27.5,27.4,27.2,27.3,27.2,27.2,27.2,27.2,27.3,27.3,27.1,27.2,27.0,27.3,27.2,27.3,27.0,27.2,27.2,27.2,27.3,27.2,27.3,27.2,27.3,27.1,27.3,27.2,27.0,27.2,27.0,26.8,26.9,26.9,26.8,26.8,26.8,26.7,26.7,26.6,27.0,26.8,26.7,26.7,26.7,26.8,26.7,26.8,26.7,26.8,26.7,26.7,26.8,26.6,26.8,26.8,26.7,26.7,26.6,26.7,26.5,26.8,26.8,26.7,26.8,26.7,26.7,26.8,26.9,26.8,26.9,26.7,26.8,26.8,26.9,26.7,26.6,26.8,26.8,26.9,26.9,26.8,26.8,26.8,26.7,26.7,26.7,26.8,26.7,26.8,26.8,26.8,26.8,26.8,26.8,26.6,26.8,26.7,26.7,26.7,26.8,26.9,26.8,26.7,26.8,26.9,26.7,26.7,26.8,26.7,26.7,26.9,26.8,26.8,26.6,26.7,26.7,26.8,26.7,26.8,26.7,26.6,26.7,26.7,26.8,26.7,26.8,26.8,26.6,26.7,26.9,26.8,26.8,26.9,26.8,27.0,27.0,27.2,27.2,27.0,27.0,27.0,27.1,27.1,27.0,27.1,27.0,27.0,27.1,27.0,27.2,27.0,27.0,27.1,27.0,27.2,27.2,27.1,27.1,27.1,27.1,27.0,26.8,27.0,27.2,27.1,27.2,27.1,27.0,27.0,27.0,27.0,27.0,27.0,27.0,27.2,27.1,27.2,27.3,27.2,27.4,27.1,27.1,27.1,27.3,27.1,27.2
161,27.3,27.2,27.0,27.3,27.4,27.3,27.3,27.2,27.3,27.3,27.4,27.2,27.2,27.1,27.4,27.1,27.3,27.0,27.2,27.2,27.3,27.2,27.1,27.2,27.2,27.2,27.2,27.1,27.2,27.2,27.3,27.3,27.2,27.1,27.0,26.8,26.8,27.0,26.7,26.6,26.7,26.7,26.6,26.8,26.8,26.8,26.8,26.7,26.7,26.7,26.7,26.7,26.7,26.7,26.6,26.8,26.8,26.7,26.7,26.8,26.7,26.8,26.6,26.6,26.7,26.8,26.6,26.7,26.7,26.8,26.8,26.8,26.8,26.8,26.8,26.8,26.8,26.9,26.9,26.8,26.8,26.8,26.9,26.7,26.9,26.7,26.8,26.8,26.8,26.6,26.7,26.6,26.8,26.8,26.8,26.8,26.7,26.7,26.8,26.7,26.7,26.7,26.7,26.7,26.7,26.7,26.6,26.9,26.7,26.8,26.8,26.8,26.8,26.7,26.7,26.9,26.8,26.8,26.8,26.8,26.8,26.7,26.7,26.8,26.8,26.7,26.7,26.6,26.6,26.8,26.6,26.8,26.6,26.7,26.7,26.8,26.7,26.6,26.6,26.9,26.9,27.0,27.1,27.0,27.1,27.0,27.2,27.0,27.2,27.2,27.0,27.2,27.1,27.0,27.2,27.0,27.1,27.1,27.1,27.0,27.2,27.1,27.1,27.1,27.0,27.2,27.0,27.0,27.0,27.0,27.1,26.8,27.1,27.0,27.0,26.9,27.0,27.2,27.0,27.1,27.2,27.1,27.2,27.1,27.3,27.2,27.2,27.1,27.3,27.2,27.2,27.1
162,27.1,27.2,27.3,27.3,27.3,27.2,27.2,27.2,27.2,27.2,27.2,27.2,27.2,27.2,27.2,27.1,27.3,27.3,27.0,27.1,27.1,27.2,27.2,27.1,27.2,27.2,27.1,27.2,27.3,27.1,27.1,27.1,27.1,27.1,27.0,26.9,26.8,26.9,26.8,26.8,26.7,26.7,26.7,26.8,26.6,26.8,26.7,26.8,26.7,26.8,26.6,26.8,26.8,26.6,26.8,26.7,26.8,26.6,26.8,26.7,26.8,26.8,26.6,26.6,26.7,26.7,26.6,26.6,26.8,26.8,26.8,26.8,26.8,26.7,26.7,26.7,26.9,26.6,26.9,26.8,26.8,26.8,26.8,26.7,26.8,26.7,26.7,26.8,26.7,26.8,26.8,26.8,26.8,26.7,26.8,26.7,26.8,26.7,26.7,26.6,26.6,26.7,26.7,26.6,26.7,26.8,26.8,26.6,26.7,26.8,27.0,26.8,26.6,26.8,26.8,26.7,26.8,26.7,26.7,26.8,26.6,26.6,26.7,26.9,26.8,26.7,26.6,26.7,26.6,26.7,26.6,26.7,26.6,26.6,26.6,26.6,26.7,26.8,26.9,26.9,26.9,26.9,26.9,27.2,27.1,27.0,27.1,27.0,27.1,27.0,27.0,27.0,27.0,27.0,26.9,27.0,27.1,26.9,27.0,27.2,27.1,27.0,27.1,26.9,27.0,27.0,27.0,27.0,27.0,27.0,27.0,27.0,27.0,26.8,27.1,27.2,26.9,27.0,27.2,27.2,27.1,27.2,27.0,27.0,27.1,27.0,27.3,27.2,27.1,27.1,27.2,27.2
163,27.1,27.2,27.1,27.2,27.2,27.3,27.2,27.2,27.2,27.3,27.2,27.2,27.3,27.2,27.3,27.1,27.2,27.1,27.2,27.1,27.2,27.2,27.2,27.2,27.3,27.1,27.4,27.4,27.2,27.2,27.2,27.3,27.1,27.2,27.0,26.9,26.6,26.8,26.6,26.8,26.7,26.8,26.6,26.8,26.6,26.8,26.8,26.8,26.7,26.7,26.8,26.8,26.8,26.6,26.8,26.8,26.7,26.8,26.7,26.8,26.8,26.6,26.8,26.7,26.6,26.6,26.7,26.8,26.7,26.8,26.8,26.8,26.7,26.8,26.6,26.7,26.7,26.6,26.8,26.6,26.7,26.7,26.8,26.7,26.7,27.0,26.8,26.8,26.7,26.8,26.8,26.6,26.5,26.6,26.7,26.7,26.7,26.7,26.9,26.8,26.5,26.7,26.6,26.7,26.7,26.7,26.6,26.7,26.9,26.7,26.8,26.8,26.8,26.8,26.8,26.7,26.8,26.8,26.7,26.8,26.8,26.8,26.8,26.6,26.9,26.5,26.7,26.5,26.6,26.8,26.8,26.7,26.8,26.7,26.7,26.6,26.6,26.6,26.7,26.8,26.8,26.9,26.8,27.0,27.0,27.0,27.0,27.1,27.0,27.0,26.9,26.9,27.0,27.0,27.2,27.0,27.0,27.0,27.1,27.0,27.0,27.1,26.9,27.1,27.0,27.0,26.9,27.0,27.2,26.9,27.0,26.9,26.9,27.1,27.1,27.1,27.1,27.2,27.1,27.1,27.0,27.0,27.1,27.0,27.0,27.1,27.1,27.1,27.1,27.2,27.2,27.2
164,27.0,27.0,27.2,27.2,27.3,27.1,27.1,27.2,27.3,27.2,27.2,27.2,27.2,27.3,27.3,27.2,27.2,27.3,27.2,27.4,27.3,27.2,27.2,27.2,27.2,27.2,27.2,27.3,27.2,27.3,27.3,27.2,27.1,27.0,27.1,26.8,26.8,27.0,26.7,26.9,26.7,26.6,26.8,26.8,26.7,26.9,26.8,26.8,26.7,26.6,26.7,26.7,26.8,26.9,26.8,26.7,26.9,26.9,26.6,26.7,26.8,26.8,26.7,26.8,26.6,26.8,26.8,26.7,26.8,26.8,26.9,26.8,26.8,26.8,26.8,26.9,26.9,26.9,26.9,26.8,26.8,27.0,26.7,26.6,26.9,26.9,27.0,26.7,26.7,26.8,26.9,26.6,26.8,26.7,26.8,26.8,26.8,26.8,26.8,26.8,26.8,26.8,26.9,26.7,26.9,26.8,27.0,26.8,26.7,26.9,26.8,26.8,26.7,26.7,26.7,26.7,26.7,26.7,26.7,26.8,26.8,26.8,26.8,26.9,26.8,26.6,26.7,26.6,26.6,26.7,26.7,26.7,26.8,26.8,26.6,26.6,26.6,26.8,26.7,26.8,26.9,27.1,27.0,27.2,27.1,27.0,27.1,27.0,27.0,27.0,27.0,27.0,27.2,27.1,27.0,27.2,27.1,27.0,27.1,27.0,27.0,27.1,27.0,27.0,26.9,27.0,26.9,27.1,27.1,26.9,27.0,27.0,27.1,27.0,27.2,27.1,27.1,27.1,27.1,27.2,27.2,27.0,27.2,27.2,27.2,27.2,27.1,27.1,27.2,27.2,27.1,27.2
165,27.1,27.3,27.3,27.2,27.1,27.2,27.2,27.2,27.2,27.4,27.3,27.2,27.4,27.2,27.3,27.1,27.2,27.2,27.3,27.1,27.2,27.2,27.2,27.2,27.1,27.0,27.2,27.2,27.3,27.2,27.2,27.2,27.1,27.2,27.2,26.9,26.8,26.8,26.9,26.9,26.7,26.8,26.8,26.9,26.8,26.9,26.8,26.9,26.9,26.8,26.7,26.8,26.7,26.7,26.9,26.6,26.8,26.6,26.8,26.7,26.8,26.7,26.8,26.8,26.6,26.7,26.7,26.7,26.8,26.8,26.8,26.8,26.7,26.9,26.8,26.8,26.8,26.8,26.9,26.8,26.9,26.9,26.7,26.8,26.8,26.9,26.7,26.9,26.8,26.8,26.7,26.7,26.7,26.7,26.6,26.6,26.9,26.7,26.9,26.7,26.8,26.7,26.8,26.6,26.8,26.8,26.6,26.6,26.8,26.8,26.8,26.6,26.8,26.8,26.8,26.8,26.8,26.8,26.7,26.7,26.8,26.9,26.9,26.8,26.7,26.8,26.6,26.7,26.6,26.8,26.8,26.8,26.7,26.7,26.6,26.6,26.6,26.7,26.7,26.7,27.0,27.0,27.0,26.9,27.0,27.0,27.0,27.1,27.1,27.0,26.9,27.0,27.0,27.0,26.9,27.1,27.1,27.1,27.0,27.0,27.0,26.9,27.1,27.0,27.0,26.9,26.9,27.0,27.0,26.9,27.0,27.0,27.1,27.2,27.0,27.1,27.0,26.9,27.1,27.1,27.0,27.0,27.2,27.2,27.2,27.3,27.0,27.2,27.2,27.0,27.1,27.1
166,27.1,27.0,27.1,27.2,27.2,27.3,27.3,27.2,27.3,27.3,27.3,27.2,27.3,27.3,27.1,27.5,27.3,27.2,27.3,27.2,27.2,27.0,27.2,27.4,27.1,27.2,27.0,27.2,27.3,27.2,27.2,27.2,27.3,27.0,27.0,26.9,26.8,26.8,26.8,26.6,26.5,26.7,26.8,26.7,26.6,26.9,26.8,26.7,26.7,26.7,26.8,26.8,26.7,26.7,26.7,26.9,26.8,26.7,26.7,26.7,26.8,26.9,26.8,26.7,26.8,26.6,26.8,26.7,26.7,27.0,26.8,26.8,26.7,26.8,26.8,26.8,26.9,26.8,26.8,26.9,26.8,26.7,26.8,26.8,26.9,26.9,26.8,26.7,26.6,26.7,26.6,26.6,26.8,26.7,26.6,26.8,26.7,26.6,26.7,26.7,26.8,26.7,26.8,26.6,26.8,26.6,26.7,26.8,26.7,26.8,26.7,26.8,26.8,26.8,26.8,26.8,26.8,26.6,26.8,26.7,26.7,26.8,26.8,26.9,26.8,26.7,26.9,26.8,26.5,26.8,26.6,26.7,26.6,26.8,26.7,26.7,26.8,26.7,26.8,26.8,26.8,27.0,27.0,26.9,27.1,27.1,27.0,27.0,27.1,27.0,27.1,26.9,27.0,27.0,27.0,27.1,27.0,27.0,27.2,26.9,27.0,26.9,26.9,27.0,26.8,27.0,26.8,26.8,27.0,27.1,27.0,27.2,27.0,27.1,27.2,26.9,27.0,26.9,27.1,27.1,27.1,27.2,27.1,27.1,27.1,27.2,27.1,27.0,26.9,27.0,27.1,27.2
167,27.0,27.2,27.1,27.1,27.2,27.1,27.0,27.2,27.2,27.2,27.1,27.3,27.3,27.4,27.2,27.2,27.2,27.3,27.2,27.2,27.3,27.1,27.1,27.1,27.3,27.2,27.2,27.3,27.3,27.0,27.3,27.2,27.2,27.1,27.0,26.9,26.8,26.9,26.8,26.8,26.6,26.6,26.7,26.5,26.8,26.7,26.6,26.8,26.6,26.7,26.8,26.8,26.9,26.8,26.7,26.7,26.9,26.7,26.5,26.8,26.8,27.0,26.6,26.7,26.8,26.9,26.8,26.7,26.8,26.7,26.9,26.7,26.9,26.6,26.9,26.8,26.8,26.6,26.8,26.7,26.9,26.8,26.8,26.7,26.7,26.8,26.8,26.7,26.6,26.7,26.8,26.8,26.7,26.7,26.8,26.8,26.6,26.8,26.8,26.6,26.7,26.8,26.5,26.7,26.6,26.6,26.7,26.6,26.8,26.7,26.7,26.8,26.8,26.8,26.8,26.9,26.8,26.8,26.8,26.7,26.7,26.7,26.6,26.9,26.9,26.7,26.7,26.7,26.6,26.7,26.8,26.7,26.7,26.7,26.6,26.7,26.8,26.6,26.6,26.8,26.8,26.8,26.9,26.9,27.0,27.0,27.0,26.9,27.1,27.1,27.0,26.9,27.1,26.9,27.1,27.1,27.0,26.9,27.0,27.0,27.2,27.0,27.0,27.0,26.9,26.8,26.9,27.0,27.1,27.3,27.1,27.2,27.2,27.1,27.0,27.0,27.0,27.0,26.9,27.1,27.0,27.1,27.2,27.0,27.3,27.4,27.0,27.1,27.0,27.2,27.1,27.1
168,27.0,27.2,27.0,27.2,27.2,27.2,27.2,27.2,27.1,27.1,27.2,27.2,27.2,27.3,27.2,27.3,27.4,27.2,27.2,27.3,27.3,27.1,27.2,27.2,27.1,27.1,27.2,27.2,27.2,27.3,27.2,27.3,27.3,27.2,27.0,27.0,26.9,26.8,26.7,26.6,26.6,26.8,26.6,26.7,26.6,26.7,26.7,26.8,26.8,26.8,26.7,26.7,26.7,26.7,26.8,26.6,26.7,26.8,26.7,26.6,26.8,26.9,26.9,26.7,26.7,26.7,26.8,26.8,26.6,26.7,26.9,26.8,26.9,26.7,26.6,26.9,26.6,26.5,26.8,26.8,26.7,26.6,26.6,26.8,26.7,26.7,26.6,26.8,26.7,26.7,26.8,26.8,26.7,26.6,26.6,26.8,26.8,26.8,26.9,26.6,26.8,26.7,26.8,26.7,26.8,26.7,26.7,26.8,26.8,26.8,26.7,26.8,26.8,26.8,26.8,26.8,26.8,26.7,26.8,26.8,26.6,26.8,26.8,26.8,26.8,26.9,26.7,26.7,26.7,26.7,26.6,26.7,26.8,26.7,26.6,26.8,26.6,26.7,26.8,26.8,26.9,26.8,26.9,27.0,26.9,26.8,27.0,27.0,26.9,27.0,27.0,27.1,27.1,26.9,27.0,27.0,27.0,27.0,27.0,27.0,27.0,27.0,27.0,26.9,26.9,27.0,26.9,27.0,26.9,27.2,27.1,27.2,27.0,27.1,27.1,26.9,27.1,27.1,27.1,27.2,27.2,27.1,27.1,27.1,27.0,27.2,27.0,27.1,27.0,27.1,27.1,27.1
169,27.2,27.0,27.1,27.3,27.2,27.1,27.2,27.2,27.2,27.3,27.2,27.2,27.0,27.1,27.4,27.2,27.3,27.2,27.3,27.1,27.2,27.1,27.2,27.4,27.1,27.2,27.1,27.2,27.2,27.3,27.4,27.3,27.1,27.1,26.9,26.9,26.8,27.0,26.7,26.7,26.8,26.8,26.8,26.9,26.6,26.9,26.8,26.7,26.7,26.6,26.8,26.8,26.8,26.8,26.9,26.6,26.6,26.6,26.8,26.9,26.8,26.7,26.8,26.7,26.6,26.7,26.8,26.8,26.8,26.7,26.7,26.7,26.7,26.6,26.6,26.7,26.6,26.7,26.9,26.8,26.7,26.6,26.6,26.7,26.7,26.8,26.8,26.7,26.7,26.7,26.8,26.6,26.7,26.7,26.8,26.7,26.8,26.7,26.8,26.6,26.7,26.7,26.8,26.7,26.8,26.7,26.7,26.7,26.7,26.7,26.7,26.7,26.7,26.9,26.8,26.9,26.9,26.9,26.8,26.8,26.8,26.8,26.7,26.8,26.7,26.8,26.7,26.7,26.6,26.6,26.7,26.8,26.8,26.9,26.6,26.9,26.7,26.6,26.7,26.8,26.8,26.9,27.0,27.1,27.0,26.9,27.0,27.0,26.9,27.0,26.9,26.9,27.1,27.0,27.0,26.9,27.0,27.1,26.9,26.9,26.9,27.0,26.8,26.8,26.7,26.9,26.9,27.0,27.0,27.1,26.9,26.9,27.0,27.0,27.2,27.1,27.0,27.2,27.0,27.0,27.0,27.1,27.0,27.0,27.1,27.0,27.1,26.9,27.0,27.2,27.1,27.2
170,27.1,27.1,27.1,27.1,27.1,27.2,27.1,27.1,27.2,27.2,27.2,27.0,27.2,27.2,27.2,27.2,27.3,27.2,27.2,27.3,27.1,27.2,27.3,27.3,27.1,27.3,27.3,27.2,27.4,27.3,27.2,27.3,27.2,27.2,27.1,27.1,27.0,26.9,26.9,26.8,26.7,26.8,26.9,26.9,26.8,26.9,26.7,26.7,26.8,26.9,26.7,26.7,26.7,26.8,26.6,26.6,26.8,26.7,26.7,26.8,26.8,26.7,26.9,26.7,26.8,26.5,26.6,26.7,26.8,26.8,26.7,26.7,26.6,26.6,26.6,26.7,26.6,26.8,26.9,26.8,26.9,26.8,26.8,26.7,26.8,26.6,26.6,26.5,26.7,26.7,26.7,26.5,26.9,26.8,26.9,26.8,26.8,26.8,26.8,26.7,26.7,26.9,26.8,26.6,26.7,26.7,26.7,26.7,26.7,26.7,26.7,26.8,26.8,26.8,26.7,26.9,26.7,26.8,26.8,26.8,26.8,26.8,26.6,26.8,26.8,26.6,26.7,26.7,26.7,26.8,26.6,26.8,26.8,26.7,26.5,26.9,26.8,26.8,26.9,27.0,26.9,27.0,26.9,27.0,27.0,27.0,26.9,26.9,27.0,26.9,26.9,26.8,27.1,27.0,26.9,27.0,26.9,26.8,26.9,27.0,26.8,27.0,26.8,27.0,27.0,27.0,27.0,27.0,27.1,27.0,27.1,27.0,27.1,27.1,27.1,27.1,27.1,27.2,27.1,27.0,27.2,27.2,27.1,26.9,27.0,27.1,27.0,27.0,27.1,27.1,27.2,27.3
171,27.1,27.3,27.3,27.2,27.3,27.2,27.1,27.4,27.2,27.1,27.2,27.1,27.2,27.2,27.1,27.1,27.2,27.1,27.2,27.3,27.2,27.3,27.2,27.2,27.4,27.2,27.2,27.1,27.1,27.2,27.2,27.3,27.2,27.2,27.1,26.9,26.8,26.9,26.7,26.7,26.6,26.6,26.7,26.8,26.7,26.8,26.7,26.7,26.8,26.7,26.7,26.8,26.9,26.7,26.6,26.7,26.8,26.8,26.8,26.9,26.7,26.8,26.5,26.7,26.5,26.7,26.8,26.8,26.7,26.6,26.7,26.7,26.7,26.8,26.8,26.6,26.6,26.6,26.8,26.8,26.8,26.6,26.7,26.7,26.7,26.9,26.8,26.7,26.8,26.8,26.7,26.6,26.8,26.6,26.7,26.7,26.8,26.7,26.7,26.7,26.7,26.7,26.7,26.8,26.7,26.6,26.7,26.7,26.7,27.0,26.8,26.6,26.8,26.7,26.8,26.8,26.8,26.7,26.8,26.9,26.7,26.6,26.8,26.8,26.8,26.7,26.8,26.6,26.7,26.7,26.7,26.8,26.9,26.8,26.7,26.8,26.8,26.8,26.8,27.2,26.8,26.9,26.8,26.9,26.9,26.9,27.0,27.0,27.0,26.9,26.8,27.0,26.9,26.9,26.9,27.0,27.0,27.2,26.9,26.8,26.9,27.0,26.8,26.9,27.0,27.0,27.1,26.9,27.0,26.9,27.1,27.1,27.2,27.1,27.0,27.1,26.8,27.0,27.2,27.0,27.0,27.0,27.1,27.1,26.9,27.1,27.1,27.0,27.1,27.1,27.4,27.1
172,27.1,27.0,27.1,27.2,27.3,27.2,27.1,27.1,27.1,27.0,27.0,27.1,27.1,27.2,27.1,27.2,27.2,27.3,27.2,27.4,27.2,27.2,27.3,27.2,27.0,27.2,27.3,27.2,27.2,27.2,27.2,27.4,27.0,27.2,27.2,27.1,27.0,27.0,26.7,26.8,26.7,26.7,26.6,26.6,26.7,26.7,26.8,26.9,26.8,26.7,26.7,26.7,26.7,26.7,26.7,26.7,26.9,26.7,26.7,26.8,26.7,26.8,26.8,26.8,26.7,26.7,26.6,26.8,26.7,26.8,26.7,26.6,26.7,26.8,26.6,26.8,26.8,26.7,26.7,26.7,26.8,26.7,26.7,26.8,26.7,26.8,26.7,26.7,26.8,26.8,26.7,26.8,26.8,26.7,26.8,26.9,26.7,26.6,26.7,26.8,26.8,26.8,26.7,26.6,26.8,26.7,26.7,26.9,26.8,26.7,26.9,26.9,26.7,27.0,26.8,26.8,26.8,26.8,26.6,26.8,26.7,26.8,26.8,26.8,26.7,26.6,26.7,26.7,26.5,26.7,26.6,26.6,26.8,26.7,26.8,26.8,26.6,26.8,26.9,26.9,27.0,26.9,27.0,26.9,27.0,27.0,26.9,27.0,26.9,26.9,26.8,27.0,26.8,27.0,27.0,26.9,27.0,26.8,26.9,27.0,26.9,27.0,26.9,26.9,26.9,27.0,26.8,27.0,27.1,26.9,27.1,27.0,27.1,27.2,27.2,26.9,27.0,27.0,27.0,27.1,27.0,26.9,27.1,27.0,27.1,27.1,27.2,27.1,27.0,27.3,27.0,27.0
173,27.1,27.2,27.1,27.1,27.2,27.1,27.2,27.1,27.3,27.2,27.1,27.2,27.2,27.2,27.1,27.2,27.2,27.3,27.2,27.2,27.2,27.2,27.2,27.3,27.2,27.3,27.2,27.2,27.3,27.2,27.4,27.2,27.1,27.2,27.2,27.1,26.9,26.9,26.7,26.8,26.7,26.6,26.6,26.6,26.7,26.7,26.6,26.8,26.7,26.8,26.7,26.7,26.8,26.6,26.7,26.8,26.8,26.8,26.6,26.7,26.8,26.8,26.7,26.7,26.6,26.6,26.8,26.6,26.6,26.6,26.7,26.6,26.6,26.7,26.8,26.7,26.7,26.7,27.0,26.8,26.9,26.8,26.7,26.9,26.7,26.7,26.8,26.8,26.8,26.8,26.7,26.9,26.8,27.0,26.8,26.8,26.8,26.8,26.9,26.8,26.7,26.8,26.6,26.8,26.8,26.6,26.8,26.9,26.6,26.8,26.7,26.7,26.8,26.9,26.8,26.9,26.8,26.7,26.8,26.8,26.8,26.7,26.7,26.8,26.9,26.7,26.7,26.7,26.8,27.0,26.7,26.8,26.9,26.8,26.6,26.9,26.8,26.8,26.9,27.0,27.0,27.1,26.8,27.1,27.0,27.1,27.0,27.0,27.1,26.9,26.9,27.0,27.0,26.9,26.9,27.0,27.0,26.9,26.8,26.8,26.9,27.1,26.9,27.0,27.1,27.0,26.9,27.0,27.1,26.9,27.1,26.9,26.9,27.1,27.0,27.1,27.0,27.0,27.0,27.0,27.0,27.1,27.0,27.3,27.1,27.4,27.2,27.1,27.1,27.0,27.1,27.0
174,26.9,27.1,27.0,27.2,27.0,27.0,27.1,27.2,27.2,27.2,27.2,27.1,27.1,27.2,27.1,27.3,27.3,27.2,27.3,27.2,27.2,27.2,27.2,27.1,27.2,27.1,27.2,27.2,27.2,27.2,27.3,27.3,27.0,27.0,27.2,27.0,27.0,26.8,26.8,26.7,26.6,26.8,26.8,26.8,26.8,26.6,26.8,26.8,26.8,26.7,26.6,26.7,26.7,26.8,26.7,26.7,26.8,26.6,26.7,26.7,26.8,26.8,26.7,26.8,26.5,26.5,26.5,26.7,26.6,26.8,26.7,26.7,26.6,26.6,26.6,26.9,26.7,26.8,26.8,26.8,26.8,26.8,26.8,26.7,26.8,26.7,26.7,26.8,26.9,26.9,26.7,26.7,26.9,26.7,26.8,26.9,26.6,26.7,26.8,26.8,26.6,26.7,26.8,26.8,26.7,26.7,26.6,26.7,26.8,26.7,26.8,26.9,26.8,26.7,26.9,26.8,26.8,26.9,26.6,26.8,26.6,26.7,26.7,26.9,26.9,26.7,26.7,26.8,26.8,26.7,26.7,26.7,26.7,26.5,26.8,26.8,26.7,26.8,26.9,27.0,26.9,26.9,27.0,27.0,27.1,26.9,27.0,26.9,27.0,26.9,26.8,27.0,26.9,26.8,27.0,26.9,27.0,27.1,27.0,26.9,27.0,27.0,26.9,27.1,27.1,27.1,27.0,27.0,27.0,27.2,27.0,27.0,26.8,26.8,27.0,26.8,26.8,26.9,27.0,26.9,27.0,27.0,27.1,27.2,27.0,27.0,27.2,27.0,27.2,27.0,27.1,26.9
175,27.1,26.9,27.0,27.1,27.1,27.2,27.2,27.1,27.3,27.2,27.4,27.0,27.2,27.3,27.2,27.1,27.1,27.2,27.2,27.3,27.2,27.2,27.2,27.2,27.3,27.2,27.4,27.4,27.2,27.1,27.2,27.2,27.3,27.2,27.2,27.0,26.8,26.7,26.8,26.7,26.6,26.7,26.8,26.8,26.8,26.9,26.8,26.8,26.7,26.8,26.6,26.6,26.9,26.7,26.8,26.5,26.6,26.6,26.8,26.6,26.6,26.8,26.8,26.8,26.6,26.6,26.7,26.7,26.7,26.6,26.6,26.7,26.7,26.7,26.8,26.8,26.8,26.9,27.0,26.9,26.8,26.7,26.8,26.8,26.9,26.8,26.9,26.8,26.8,27.0,26.7,27.0,26.9,26.9,26.9,26.7,26.8,26.7,26.9,26.8,26.7,26.8,26.8,26.8,26.8,26.7,26.7,26.7,26.8,26.7,26.9,26.7,26.8,26.8,26.9,26.9,26.9,26.6,26.8,26.7,26.8,26.8,26.7,26.7,26.7,26.8,26.7,26.8,26.8,26.8,26.8,26.8,26.8,26.8,26.8,26.9,26.8,26.8,26.9,27.0,26.9,26.9,26.8,26.9,27.1,26.9,27.0,27.1,27.0,26.8,26.8,27.0,27.1,26.9,27.1,27.1,27.1,27.0,27.0,27.1,27.0,27.2,27.3,27.1,27.0,27.1,26.8,27.0,27.0,27.0,27.0,27.0,26.9,27.1,27.0,26.8,27.0,26.9,26.9,27.0,27.0,27.0,27.1,27.1,27.1,27.3,26.9,27.0,27.1,27.1,27.2,27.1
176,27.0,27.1,27.2,27.1,27.2,27.1,27.2,27.2,27.2,27.2,27.1,27.2,27.1,27.1,27.2,27.3,27.0,27.2,27.0,27.4,27.3,27.2,27.2,27.2,27.3,27.3,27.2,27.2,27.3,27.0,27.2,27.0,27.3,27.2,27.0,27.0,26.9,26.8,26.7,26.8,26.8,26.7,26.7,26.8,26.7,26.7,26.8,26.8,26.8,26.7,26.8,26.7,26.8,26.7,26.7,26.6,26.8,26.7,26.6,26.8,26.7,26.7,26.8,26.8,26.6,26.6,26.6,26.6,26.7,26.7,26.6,26.8,26.7,26.6,26.8,26.9,26.8,26.7,26.9,26.8,26.8,26.8,26.9,26.7,26.9,26.8,26.9,26.9,26.9,26.8,26.9,27.0,27.0,26.9,26.8,26.8,26.9,26.7,26.7,26.7,26.7,26.8,26.8,26.8,26.8,26.7,26.5,26.8,26.7,26.8,26.8,26.9,26.8,26.7,26.8,26.9,26.8,26.8,26.8,26.8,26.7,26.8,27.0,26.7,26.8,26.7,26.7,26.8,26.8,26.7,26.8,26.8,26.8,26.7,26.8,26.8,26.8,26.9,26.9,26.9,26.9,27.0,27.0,26.9,27.0,26.9,26.8,26.9,27.1,27.0,27.0,26.9,27.1,27.0,27.1,26.9,27.0,27.0,27.0,27.0,27.0,27.0,26.8,27.1,27.2,27.0,27.0,26.9,27.1,26.9,27.2,27.0,27.0,27.0,27.0,27.0,26.9,26.8,27.0,27.1,27.0,27.2,27.2,27.2,27.1,27.3,27.1,27.2,26.9,27.0,27.1,27.2
177,27.2,27.0,27.1,27.3,27.2,27.3,27.1,27.2,27.2,27.3,27.0,27.2,27.2,27.2,27.2,27.2,27.0,27.3,27.3,27.3,27.4,27.3,27.3,27.2,27.4,27.2,27.4,27.2,27.2,27.2,27.2,27.3,27.2,27.1,27.1,27.0,26.8,26.8,26.8,26.6,26.7,26.9,26.7,26.8,26.7,26.9,26.7,26.7,26.8,26.8,26.7,26.7,26.8,26.6,26.8,26.6,26.6,26.9,26.7,26.8,26.7,26.9,26.8,26.9,26.8,26.7,26.8,26.6,26.7,26.7,26.8,26.8,26.7,26.7,26.8,26.8,26.8,26.8,26.9,26.9,26.8,26.8,26.9,26.8,27.1,26.9,26.8,26.8,26.9,26.9,26.9,26.8,26.9,26.7,26.8,26.9,26.9,26.8,26.8,26.6,26.6,26.7,26.7,26.8,26.8,26.7,26.7,26.7,26.9,26.7,26.8,26.8,26.7,26.9,26.7,26.8,26.8,26.8,26.8,26.8,26.7,26.8,26.7,26.8,26.7,26.6,26.8,26.7,26.7,26.8,26.7,26.8,26.7,26.9,26.8,26.8,27.0,26.9,26.8,26.8,26.8,26.9,27.1,26.8,27.1,27.1,27.0,27.0,27.0,27.2,26.9,27.0,27.2,27.0,27.0,27.1,27.0,26.9,27.0,27.0,26.9,27.2,27.0,27.1,27.0,26.9,27.0,27.0,27.0,27.1,27.1,26.9,26.9,26.9,26.9,27.0,27.0,27.1,27.2,27.0,27.1,27.1,27.0,27.1,27.0,27.1,27.1,27.1,26.8,27.0,27.2,27.2
178,27.1,26.9,27.2,27.3,27.2,27.1,27.1,27.4,27.1,27.2,27.4,27.2,27.3,27.2,27.1,27.4,27.2,27.2,27.4,27.1,27.3,27.3,27.4,27.2,27.2,27.4,27.5,27.2,27.3,27.2,27.3,27.1,27.3,27.1,27.1,27.0,26.8,26.8,26.8,27.0,26.6,26.8,26.7,26.9,26.8,26.8,26.8,26.9,26.6,26.8,26.8,26.8,26.8,26.8,27.0,26.6,26.8,26.8,26.8,26.9,26.6,26.8,26.8,26.8,26.7,26.7,26.6,26.8,26.7,26.7,26.7,26.7,26.8,26.7,26.9,26.8,27.0,26.6,27.0,26.9,26.7,26.9,26.8,26.9,26.8,26.9,26.8,26.9,26.9,26.8,26.9,26.8,26.8,26.9,27.0,26.8,26.7,26.9,26.9,26.8,26.8,26.8,26.8,26.7,26.8,26.8,26.8,26.8,26.8,26.8,26.8,26.8,26.7,26.8,26.8,26.8,26.9,26.8,26.7,26.8,26.7,26.9,26.7,26.8,26.9,26.8,26.7,26.6,26.7,26.9,26.8,26.7,26.8,26.8,26.8,27.0,26.8,27.1,26.9,26.8,26.7,26.8,27.0,26.8,27.0,26.9,26.8,27.0,27.0,26.9,27.0,27.1,27.0,27.1,27.0,27.2,27.0,27.0,27.0,27.0,27.0,27.0,26.8,27.0,27.0,27.0,27.0,27.0,27.0,26.8,27.0,27.0,27.0,27.0,26.8,27.0,27.0,27.0,27.2,27.1,27.0,27.1,27.1,27.2,27.0,27.0,26.9,27.1,27.1,27.1,27.2,27.0
179,27.0,27.1,27.0,27.1,27.1,27.1,27.0,27.2,27.3,27.1,27.3,27.2,27.2,27.2,27.4,27.2,27.1,27.2,27.2,27.2,27.2,27.3,27.2,27.3,27.2,27.3,27.2,27.3,27.1,27.1,27.2,27.2,27.2,27.1,27.2,27.0,26.9,26.8,26.8,26.7,26.7,26.8,26.8,26.9,26.7,26.8,26.8,26.6,26.7,26.9,26.8,26.8,26.7,26.7,26.8,26.7,26.7,26.7,26.7,26.8,26.8,26.9,26.7,26.9,26.8,26.8,26.9,26.7,26.6,26.8,26.7,26.6,26.8,26.7,26.9,26.9,26.8,26.8,26.8,27.0,26.9,26.8,26.9,26.9,26.9,26.9,27.0,26.9,27.0,26.9,26.8,26.8,27.0,26.9,26.9,26.9,26.9,26.9,26.9,26.8,26.7,26.9,26.8,26.8,26.7,26.9,26.8,26.8,26.7,26.9,26.8,27.0,26.7,26.7,26.8,26.8,26.8,26.9,26.7,27.0,26.8,26.8,26.8,26.8,26.9,26.8,26.7,26.6,26.7,26.8,26.8,26.8,26.9,26.8,26.7,26.9,26.9,26.9,27.0,26.9,26.8,27.0,27.0,26.8,26.8,27.0,26.9,27.0,27.0,27.0,27.0,26.9,27.1,27.1,26.8,26.9,27.2,26.9,26.9,27.0,27.0,26.9,27.0,26.9,27.1,27.0,26.8,27.0,26.9,26.8,26.8,26.8,27.0,26.7,27.0,26.9,27.1,27.1,27.1,27.1,26.9,27.0,27.0,27.0,27.0,27.0,26.8,27.1,27.1,27.0,27.2,27.1
180,27.2,27.1,27.2,27.1,27.1,27.2,27.2,27.2,27.1,27.2,27.1,27.2,27.3,27.3,27.2,27.2,27.1,27.1,27.3,27.2,27.2,27.2,27.2,27.4,27.4,27.2,27.1,27.2,27.2,27.3,27.2,27.1,27.3,27.1,27.0,27.0,26.9,26.7,26.7,26.8,26.7,26.7,26.6,26.8,26.7,26.8,26.6,26.7,26.8,26.8,26.9,26.8,26.8,26.8,26.7,26.7,26.8,26.8,26.6,26.7,26.7,26.8,26.8,26.8,26.8,26.6,26.7,26.7,26.8,26.9,26.6,26.7,26.7,26.7,26.7,26.8,26.8,26.8,27.0,26.8,26.7,26.9,26.6,26.8,26.8,27.0,27.0,26.8,26.8,26.9,26.8,26.7,26.8,26.8,26.9,26.8,26.9,26.7,26.9,26.7,26.7,26.9,26.8,27.0,26.8,26.7,26.6,26.8,26.9,26.8,26.7,26.9,26.9,26.8,26.9,26.8,26.8,26.8,26.9,26.9,26.8,26.8,26.8,26.8,26.8,26.8,27.0,26.8,26.8,26.7,26.7,26.9,26.8,26.8,26.8,26.9,26.9,26.8,26.9,26.7,26.9,26.9,26.9,27.0,27.1,27.0,27.0,27.0,26.9,26.9,27.0,27.0,27.0,27.0,27.0,26.9,26.9,26.9,27.0,26.9,26.9,26.9,27.0,27.0,27.0,26.9,26.8,27.0,26.9,26.8,26.9,26.8,26.9,26.8,26.9,27.1,27.1,27.1,27.0,27.0,27.1,26.9,27.1,27.0,26.8,27.2,27.1,27.0,27.0,27.1,27.2,27.2
181,27.2,27.1,27.2,27.1,27.1,27.3,27.2,27.2,27.3,27.2,27.2,27.3,27.2,27.2,27.3,27.2,27.4,27.2,27.2,27.2,27.2,27.2,27.2,27.2,27.4,27.3,27.3,27.1,27.2,27.2,27.1,27.2,27.2,27.1,27.1,27.0,26.8,26.9,26.8,26.8,26.7,26.9,26.9,26.7,26.8,26.8,26.7,26.8,26.7,26.8,26.9,26.8,26.8,26.6,26.7,26.8,26.9,26.7,26.8,26.8,26.8,26.7,26.9,26.8,26.8,26.7,26.8,26.7,26.6,26.7,26.7,26.7,26.8,26.8,26.9,26.8,26.9,26.8,26.9,26.9,26.9,26.9,26.8,26.8,26.8,26.8,26.8,26.8,26.8,26.8,26.8,26.9,27.0,26.8,26.8,27.0,26.9,26.8,26.9,26.8,26.9,26.8,26.9,26.8,26.7,26.8,26.7,26.8,26.9,26.9,26.9,26.9,26.9,26.8,26.9,26.8,27.0,26.8,26.8,26.9,26.8,26.8,26.9,26.8,26.9,27.0,27.0,26.9,26.8,26.8,26.6,26.7,26.8,26.8,26.7,26.9,26.9,27.0,26.9,26.9,27.0,27.0,26.7,27.1,27.0,27.0,27.0,27.0,27.0,27.0,26.9,27.0,26.9,27.0,27.0,27.0,27.0,27.0,27.1,27.0,27.0,27.1,26.9,27.1,27.0,27.0,26.9,26.9,26.9,26.9,27.0,26.9,27.0,27.0,27.1,27.0,27.2,27.2,27.1,27.0,27.0,27.1,27.0,27.1,27.0,27.0,27.1,27.0,27.0,27.1,27.3,27.2
182,27.2,27.2,27.0,27.2,27.1,27.2,27.1,27.1,27.3,27.2,27.2,27.1,27.2,27.1,27.3,27.3,27.4,27.3,27.2,27.1,27.3,27.2,27.3,27.2,27.3,27.2,27.2,27.4,27.0,27.1,27.2,27.1,27.1,27.2,27.2,26.9,27.0,26.8,26.8,26.8,26.8,26.8,26.8,26.9,26.7,26.8,26.8,26.8,26.6,26.7,26.7,26.6,26.9,26.8,26.8,26.8,26.9,26.7,26.7,26.8,26.8,27.0,26.9,26.9,26.8,26.8,26.8,26.8,26.7,26.9,26.9,26.7,26.8,26.8,26.8,26.8,27.0,26.8,26.8,26.9,26.8,26.7,26.9,26.8,26.8,26.9,26.9,26.8,26.9,27.0,26.9,26.9,26.9,26.9,26.9,26.8,26.9,26.9,27.0,26.9,26.9,26.8,26.8,26.7,26.8,26.8,26.7,26.9,26.9,26.8,26.8,26.9,26.9,26.9,26.8,26.9,26.9,26.8,26.7,26.8,26.8,26.8,26.9,26.9,26.8,26.9,26.7,26.8,26.6,26.8,26.7,26.8,26.8,26.9,26.6,26.8,26.9,26.8,26.8,27.0,26.9,26.9,27.0,26.8,26.9,27.1,27.0,27.0,27.0,27.1,27.0,27.0,26.9,27.0,27.0,27.0,27.0,27.0,27.0,27.0,27.0,27.1,27.0,26.9,26.8,26.8,26.9,27.0,27.1,26.9,26.9,27.0,27.2,27.2,27.1,27.2,27.2,26.9,26.9,27.0,26.9,27.0,27.0,27.1,27.1,27.1,27.0,27.1,27.0,27.2,27.2,27.0
183,27.2,27.1,27.2,27.1,27.2,27.2,27.1,27.1,27.1,27.0,27.2,27.0,27.1,27.4,27.2,27.4,27.2,27.2,27.2,27.2,27.2,27.2,27.2,27.3,27.2,27.2,27.1,27.4,27.3,27.2,27.2,27.2,27.4,27.1,27.2,27.0,26.9,26.8,26.9,26.8,26.7,26.8,26.7,26.9,26.9,26.7,26.7,26.8,26.9,26.8,26.6,26.8,26.7,26.6,26.7,26.8,26.7,26.7,26.8,26.8,26.8,26.8,26.7,26.7,26.9,26.7,26.8,26.8,26.8,26.9,26.6,26.8,26.7,26.8,26.8,26.9,26.8,26.7,26.9,26.8,26.8,26.9,26.8,26.7,26.8,27.0,26.8,26.9,26.9,26.8,26.9,26.9,26.9,26.8,26.8,26.9,26.9,26.9,26.9,26.9,26.7,26.8,26.7,26.7,26.8,26.7,26.7,26.8,26.8,26.8,26.7,26.8,26.7,26.8,26.7,27.0,26.8,26.8,26.7,26.8,26.8,26.8,26.7,26.8,26.8,26.7,26.8,26.7,26.7,26.9,26.8,26.6,26.7,26.8,26.8,26.7,26.8,26.8,26.9,27.0,26.6,26.7,26.8,26.9,26.9,27.0,27.1,26.8,27.0,26.9,27.0,27.0,26.9,26.8,26.9,27.0,26.9,27.0,27.0,26.9,26.9,27.0,26.9,26.9,26.9,26.8,26.7,26.8,27.0,27.2,27.1,27.0,27.1,27.1,27.1,27.2,26.9,27.0,27.0,27.0,26.9,26.9,26.9,26.9,26.9,27.1,27.0,27.0,27.0,27.0,27.0,27.2
184,27.2,27.1,27.2,27.2,27.2,27.2,27.3,27.2,27.2,27.2,27.2,27.2,27.2,27.3,27.3,27.3,27.2,27.2,27.3,27.2,27.2,27.0,27.2,27.2,27.3,27.2,27.3,27.2,27.2,27.3,27.3,27.1,27.2,27.2,27.2,27.1,26.8,26.8,26.7,26.8,26.6,26.7,26.6,26.8,26.9,26.8,26.8,26.8,26.7,26.7,26.7,26.6,26.9,26.7,26.7,26.9,26.8,26.7,26.9,26.7,27.0,26.8,26.7,26.6,26.8,26.8,26.8,26.9,26.8,26.9,26.7,26.6,26.7,26.7,26.7,26.7,26.8,26.8,26.8,26.8,26.8,26.7,26.9,26.8,26.8,26.9,26.8,26.7,26.9,26.8,26.8,26.8,26.8,26.8,26.8,26.9,26.8,26.8,27.0,26.8,27.0,26.7,26.8,26.7,26.7,26.7,26.8,26.8,26.8,26.8,26.8,26.8,26.9,26.9,26.8,26.9,26.8,26.8,26.7,26.7,26.8,26.8,26.7,27.0,26.8,26.7,26.8,26.8,26.6,26.7,26.7,26.8,26.7,26.7,26.8,26.7,26.7,26.8,26.9,26.9,26.9,26.9,26.9,26.8,27.0,26.8,27.0,26.8,27.0,27.0,26.9,27.0,27.0,26.9,26.9,27.1,27.0,26.9,26.9,27.0,26.9,27.0,26.9,26.9,26.6,26.9,26.9,27.0,27.0,27.0,27.2,27.1,27.0,27.0,27.0,26.9,27.0,27.0,27.0,26.9,27.0,27.0,27.0,27.0,27.0,27.1,27.0,27.0,27.2,27.1,27.2,27.2
185,27.2,27.1,27.0,27.1,27.2,27.3,27.3,27.2,27.2,27.3,27.2,27.3,27.3,27.2,27.2,27.2,27.2,27.2,27.2,27.2,27.2,27.2,27.3,27.1,27.2,27.2,27.2,27.3,27.2,27.3,27.1,27.1,27.2,27.0,27.1,27.1,27.0,26.9,26.8,26.8,26.9,26.8,26.7,26.7,26.8,26.9,26.8,26.8,26.8,26.6,26.8,26.8,26.7,26.8,26.8,26.8,26.7,26.8,26.8,26.6,26.7,26.7,26.8,26.6,26.8,26.7,26.8,26.8,26.8,26.8,26.8,26.7,26.7,26.7,26.8,27.0,26.8,26.7,26.9,26.9,26.8,26.8,26.8,26.9,26.8,26.8,26.9,26.8,26.9,27.0,26.9,26.7,26.9,26.8,26.9,26.8,26.8,26.8,26.8,27.0,26.9,26.9,26.7,26.8,26.7,26.7,26.8,26.8,26.9,26.8,26.8,26.9,26.8,26.9,27.0,26.9,26.8,26.8,26.7,26.8,26.9,26.7,26.9,26.7,26.8,26.6,26.7,26.7,26.8,26.9,26.6,26.8,26.8,26.8,26.7,26.6,26.9,26.8,26.9,26.8,26.9,27.0,27.0,26.8,27.0,26.8,26.9,26.9,26.9,26.9,27.0,27.0,26.9,27.0,27.0,26.9,26.9,27.0,26.9,26.9,26.8,27.0,26.9,26.9,26.9,27.2,26.9,26.9,27.0,27.0,27.1,27.0,26.9,26.8,26.8,27.0,26.8,26.8,27.0,26.9,27.0,27.0,27.0,27.0,27.0,27.1,27.0,27.2,27.0,27.0,27.1,27.2
186,27.1,27.0,27.2,27.3,27.2,27.1,27.3,27.1,27.1,27.2,27.1,27.2,27.1,27.2,27.1,27.2,27.1,27.2,27.2,27.2,27.2,27.2,27.0,27.2,27.2,27.3,27.4,27.2,27.1,27.1,27.1,27.0,27.2,27.1,27.0,27.0,26.9,26.8,26.8,26.8,26.6,26.7,26.6,26.8,26.8,26.9,26.7,26.8,26.8,26.8,26.6,26.6,26.8,26.8,26.8,26.8,26.7,26.8,26.8,26.6,26.8,26.6,26.7,26.7,26.7,26.7,26.8,26.8,26.6,26.8,26.8,26.6,26.8,26.7,26.8,26.8,26.8,26.9,26.8,26.8,26.8,26.9,26.8,26.8,26.9,26.7,26.8,26.8,26.8,26.8,26.7,26.9,26.8,26.7,26.8,26.7,26.9,26.7,26.9,26.9,26.9,26.7,26.8,26.8,26.8,26.7,26.7,26.8,26.8,26.7,26.6,26.7,26.8,26.8,26.9,26.8,26.8,26.6,26.7,26.7,26.7,26.8,26.7,26.9,26.8,26.8,26.8,26.5,26.7,26.7,26.6,26.7,26.7,26.7,26.7,26.7,26.6,26.8,26.8,26.8,26.8,26.8,26.8,26.8,26.9,26.9,27.0,26.8,26.8,26.8,26.9,26.8,27.0,27.0,26.8,27.0,26.9,26.8,26.9,26.9,26.8,26.9,27.0,27.1,26.9,27.0,27.0,26.9,26.8,26.8,26.8,27.0,26.8,26.9,26.9,26.8,26.8,26.9,27.0,26.9,26.9,27.0,27.0,27.0,27.0,27.1,27.0,27.0,27.0,27.0,27.0,27.1
187,27.4,27.1,27.2,27.1,27.2,27.0,27.1,27.2,27.2,27.2,27.2,27.2,27.0,27.2,27.2,27.3,27.2,27.2,27.2,27.2,27.2,27.2,27.2,27.2,27.2,27.2,27.2,27.1,27.2,27.2,27.1,27.2,27.2,27.0,26.9,26.9,27.0,26.8,26.9,26.8,26.8,26.8,26.7,26.9,26.7,26.9,26.7,26.9,26.8,26.8,26.8,26.8,26.7,26.8,26.7,26.7,26.8,26.7,26.7,26.8,26.9,26.8,26.8,26.6,26.8,26.7,26.8,26.8,26.8,26.9,26.8,26.7,26.7,26.7,26.8,26.8,26.8,26.8,26.9,26.8,27.0,26.9,26.8,26.8,26.9,26.8,27.0,26.9,27.0,26.8,26.8,26.9,26.8,27.0,26.8,27.0,26.9,26.8,27.0,26.8,26.9,26.8,26.8,26.8,27.0,26.8,26.9,26.7,26.8,26.9,27.0,26.8,26.7,26.9,26.7,26.7,26.9,26.6,26.7,26.8,26.6,26.7,26.8,26.8,26.9,26.6,26.7,26.7,26.7,26.8,26.6,26.7,26.7,26.6,26.7,26.8,26.8,26.7,26.8,26.8,26.8,26.9,26.9,27.0,27.0,26.9,26.8,26.8,26.8,26.8,26.8,26.8,26.9,26.8,26.9,26.9,26.9,26.8,26.8,26.9,26.9,27.0,26.9,26.9,26.8,27.1,26.8,26.8,27.0,26.9,26.8,26.9,27.0,26.9,27.0,27.0,26.9,27.1,27.1,26.8,26.9,27.0,27.1,26.9,27.0,26.9,27.1,27.1,27.0,27.0,27.0,27.0
188,27.2,27.2,27.2,27.2,27.2,27.1,27.1,27.3,27.2,27.3,27.2,27.0,27.2,27.3,27.2,27.2,27.2,27.2,27.2,27.2,27.2,27.1,27.2,27.2,27.3,27.1,27.0,27.2,27.1,27.2,27.0,27.2,27.1,27.1,27.0,27.0,27.0,27.0,26.8,26.8,26.7,26.8,26.8,26.8,26.7,26.9,26.8,26.7,26.7,26.8,26.7,26.7,26.7,26.7,26.8,26.7,26.7,26.8,26.7,26.8,26.8,26.8,26.8,26.8,26.7,26.8,26.8,26.8,26.7,26.7,26.9,26.9,26.7,26.8,26.8,26.9,26.8,26.9,26.9,26.8,27.0,26.8,26.9,26.7,26.7,26.6,26.8,26.9,26.7,26.8,26.8,26.8,26.8,26.7,26.9,26.8,26.8,26.9,26.9,26.8,26.7,26.7,26.7,26.8,26.8,26.8,26.8,26.8,26.7,26.7,26.6,26.6,26.9,26.7,26.8,26.6,26.9,26.9,26.8,26.7,26.6,26.8,26.8,26.7,26.8,26.7,26.6,26.6,26.6,26.7,26.7,26.7,26.7,26.7,26.8,26.8,26.6,26.6,26.6,26.8,26.8,26.8,26.7,26.8,26.8,27.0,27.0,26.9,26.9,26.6,26.9,26.8,26.8,26.7,26.8,26.8,26.8,26.9,26.8,26.9,27.0,27.0,27.0,27.0,26.9,26.8,26.8,27.0,26.9,26.8,27.0,27.0,26.8,26.8,26.9,26.9,26.8,27.0,26.8,27.0,27.0,27.0,27.0,27.0,27.1,27.1,27.1,27.2,27.0,27.0,27.0,27.2
189,27.2,27.2,27.3,27.3,27.2,27.0,27.3,27.3,27.3,27.1,27.1,27.0,27.2,27.4,27.2,27.4,27.3,27.4,27.2,27.2,27.3,27.2,27.3,27.1,27.2,27.1,27.3,27.2,27.2,27.2,27.3,27.2,27.2,27.0,27.3,26.9,27.0,26.8,27.0,26.8,26.8,26.8,26.8,26.9,26.8,26.7,26.7,26.8,26.7,26.8,26.8,26.6,26.8,26.7,26.9,26.6,26.8,26.8,26.8,26.8,26.8,26.8,26.8,26.9,26.7,26.7,26.8,26.8,26.7,27.0,26.8,26.8,26.8,26.8,26.9,26.9,26.8,26.8,26.8,27.0,26.9,26.7,26.7,26.8,26.8,26.7,26.8,26.9,26.8,26.9,26.8,26.9,26.8,26.8,26.7,26.9,26.9,26.7,26.8,26.7,26.8,26.8,26.8,26.8,26.9,26.8,26.6,26.8,26.8,26.8,26.8,26.8,26.7,26.7,26.6,26.8,26.8,26.9,26.8,26.7,26.6,26.7,26.8,26.9,26.8,26.7,26.7,26.6,26.6,26.8,26.7,26.6,26.6,26.7,26.7,26.7,26.8,26.6,26.7,26.9,26.8,26.8,26.6,26.9,26.8,26.8,26.9,26.9,26.9,26.8,26.7,26.7,26.8,26.9,26.9,26.8,26.8,26.8,27.0,26.9,26.9,26.9,26.8,26.9,26.9,26.9,26.9,26.8,26.9,26.8,26.9,26.8,26.7,27.0,27.0,27.0,26.9,27.0,27.1,26.8,26.9,27.0,27.1,27.0,26.9,27.0,27.0,27.1,26.9,27.0,26.9,26.9
190,27.4,27.2,27.3,27.2,27.3,27.1,27.2,27.3,27.2,27.4,27.3,27.1,27.2,27.3,27.2,27.2,27.2,27.4,27.4,27.2,27.2,27.3,27.2,27.2,27.2,27.2,27.5,27.2,27.2,27.2,27.0,27.2,27.2,27.1,27.3,27.0,27.0,26.9,26.8,26.8,26.7,26.7,26.8,26.7,26.8,26.8,26.9,26.8,26.6,26.8,26.7,26.7,26.8,26.8,26.8,26.7,26.7,26.8,26.9,26.9,26.7,26.8,26.8,27.0,26.7,26.8,26.7,26.7,26.8,26.7,26.8,26.9,26.8,26.8,26.8,26.8,26.8,27.0,26.8,26.9,26.9,27.0,26.9,26.8,26.9,26.9,26.9,26.8,26.9,26.8,26.9,26.8,26.9,26.9,26.7,26.8,26.8,26.8,26.8,26.8,26.8,26.7,26.9,26.9,26.7,26.9,26.6,26.8,26.7,26.8,26.8,26.8,26.8,26.8,26.8,26.9,26.9,26.9,26.8,26.7,26.8,26.9,26.8,26.7,26.7,26.6,26.6,26.7,26.7,26.7,26.7,26.7,26.9,26.7,26.8,26.7,26.8,26.6,26.7,27.0,26.8,27.0,26.9,26.8,26.9,26.8,26.9,26.8,26.9,26.9,26.8,26.7,26.8,26.8,26.7,26.9,26.8,26.9,27.0,27.0,26.9,26.9,27.0,27.0,26.9,27.0,27.0,26.9,26.8,27.0,27.0,26.8,26.9,26.8,27.0,27.1,27.0,26.9,27.0,27.0,26.8,27.1,27.2,26.9,27.0,27.2,27.0,27.0,27.0,26.9,27.2,27.0
191,27.4,27.2,27.2,27.3,27.3,27.2,27.3,27.2,27.4,27.2,27.2,27.2,27.4,27.3,27.2,27.1,27.0,27.1,27.2,27.2,27.2,27.3,27.2,27.1,27.2,27.3,27.2,27.3,27.1,27.2,27.0,27.2,27.3,27.2,27.2,27.0,26.9,26.9,26.9,26.8,26.7,26.6,26.8,26.8,26.7,26.9,26.6,26.8,26.8,26.8,26.7,26.7,26.8,26.8,26.8,26.7,26.7,26.7,26.8,26.7,26.9,26.8,26.7,26.7,26.8,26.8,26.8,26.8,26.9,26.8,26.9,26.8,26.9,26.8,27.0,26.9,26.8,26.7,26.9,27.0,26.9,26.7,26.9,26.8,26.8,26.8,26.9,27.0,26.9,26.9,27.0,26.7,26.8,26.7,26.8,26.9,26.8,26.8,26.9,27.0,26.8,26.8,26.8,27.0,26.9,26.8,26.7,26.9,26.6,26.8,26.9,26.7,26.7,26.9,26.8,26.8,26.7,26.8,26.8,26.9,26.8,26.6,26.9,26.6,26.6,26.7,26.5,26.8,26.6,26.6,26.7,26.7,26.6,26.7,26.6,26.6,26.5,26.8,26.8,26.8,26.8,27.0,26.8,26.9,26.8,26.8,26.8,26.9,27.0,26.9,26.9,26.9,27.1,26.7,26.8,26.8,26.8,26.9,26.8,26.9,26.9,26.8,26.9,26.8,27.0,26.8,26.8,26.9,26.9,26.7,26.9,26.8,27.0,26.9,26.9,27.0,27.0,27.0,27.0,26.9,27.0,27.0,26.9,26.8,27.1,27.1,27.0,27.1,27.2,27.2,27.0,27.2
192,27.4,27.4,27.3,27.4,27.3,27.4,27.2,27.2,27.2,27.1,27.4,27.1,27.2,27.3,27.2,27.2,27.3,27.2,27.4,27.1,27.2,27.2,27.0,27.3,27.2,27.2,27.3,27.2,27.3,27.2,27.1,27.2,27.2,27.2,27.3,27.1,27.1,26.9,26.8,26.7,26.9,26.7,26.8,26.8,26.7,26.8,26.9,26.8,26.7,26.7,26.6,26.6,26.8,26.7,26.8,26.7,26.7,26.8,26.7,26.8,26.8,26.7,26.8,26.7,26.8,26.9,26.7,26.8,26.9,26.9,26.9,26.8,26.9,26.8,26.8,27.0,26.8,27.0,26.8,27.0,27.0,26.9,27.0,26.9,26.9,27.0,26.8,26.9,26.9,26.8,26.8,26.8,26.8,26.8,26.7,26.9,26.7,26.8,26.8,27.0,26.8,26.8,26.9,26.9,26.7,26.9,26.8,26.7,26.9,26.7,26.9,26.8,26.7,26.8,26.7,26.8,26.7,26.8,26.8,26.8,26.8,26.7,26.7,26.8,26.7,26.7,26.7,26.7,26.6,26.8,26.7,26.7,26.7,26.6,26.5,26.6,26.6,26.6,26.7,26.9,26.8,26.9,27.1,27.0,26.8,26.8,26.8,26.8,26.9,26.8,26.6,27.0,27.0,26.9,26.9,27.0,27.0,27.0,26.9,26.8,27.0,26.9,27.0,26.8,26.9,27.0,26.8,26.8,26.8,26.9,26.8,26.8,26.9,27.0,27.1,27.0,27.0,26.9,26.8,27.0,26.8,27.0,27.0,26.9,27.1,27.0,27.1,27.0,27.0,26.9,27.0,27.0
193,27.4,27.5,27.5,27.3,27.2,27.4,27.2,27.2,27.2,27.1,27.3,27.2,27.3,27.4,27.3,27.2,27.2,27.2,27.0,27.2,27.3,27.3,27.1,27.2,27.2,27.3,27.1,27.1,27.1,27.2,27.1,27.2,27.2,27.1,27.2,27.2,27.0,27.0,26.6,26.7,26.7,26.6,26.7,26.8,26.8,26.7,26.9,26.8,26.9,26.7,26.6,26.6,26.8,26.8,26.8,26.5,26.7,26.8,26.8,26.6,26.7,27.0,26.7,26.8,26.8,26.8,26.8,26.8,26.8,26.8,26.8,26.9,26.9,26.9,27.0,26.8,26.9,26.9,27.1,27.0,26.8,26.9,26.9,26.8,26.8,26.8,27.0,26.9,26.8,26.8,26.7,26.8,26.9,27.0,26.7,26.9,26.8,26.9,26.8,26.9,26.8,26.8,27.0,26.9,26.9,26.9,26.9,26.9,26.8,26.8,26.7,26.7,26.7,26.8,26.7,26.9,26.8,26.7,26.9,26.8,26.7,26.8,26.6,26.6,26.8,26.7,26.7,26.6,26.6,26.7,26.7,26.6,26.7,26.7,26.6,26.7,26.7,26.7,26.8,27.0,26.8,26.8,27.0,27.0,27.1,26.9,26.9,26.9,26.8,26.8,26.8,26.8,26.9,27.0,27.0,26.9,27.2,27.0,26.8,26.9,26.9,26.9,26.9,26.8,27.0,26.8,26.8,26.7,26.9,26.9,26.8,26.9,26.9,26.8,27.0,27.0,27.0,26.9,27.0,26.9,26.9,27.0,27.0,27.0,27.1,27.0,26.9,27.0,27.0,27.1,26.9,27.2
194,27.3,27.4,27.3,27.4,27.4,27.2,27.2,27.2,27.2,27.3,27.3,27.2,27.2,27.3,27.2,27.2,27.4,27.2,27.3,27.2,27.2,27.3,27.1,27.2,27.2,27.4,27.2,27.2,27.2,27.2,27.3,27.3,27.2,27.2,27.2,27.0,27.0,26.8,26.9,26.9,26.6,26.8,26.7,26.9,26.8,26.9,26.8,26.7,26.7,26.9,26.6,26.7,26.8,26.8,26.7,26.8,26.9,26.9,26.9,26.8,26.9,26.8,26.8,26.9,26.8,26.9,26.8,26.8,26.7,26.8,26.8,26.8,26.8,27.0,27.1,27.1,27.1,27.0,26.9,26.9,26.9,26.9,26.9,26.9,27.0,26.8,27.1,26.9,26.9,26.8,26.8,26.8,26.9,26.8,26.9,27.0,26.9,26.7,26.8,27.0,26.9,27.0,26.7,26.8,26.8,26.8,26.8,26.8,26.9,26.8,26.7,26.6,26.8,26.8,26.7,26.9,26.7,26.8,26.8,26.8,26.7,26.8,26.8,26.7,26.7,26.8,26.6,26.7,26.8,26.7,26.7,26.7,26.8,26.8,26.6,26.8,26.6,26.8,26.7,26.8,26.9,26.9,26.8,26.9,26.9,26.7,26.8,26.8,26.9,26.8,26.7,26.9,26.9,26.9,27.0,27.0,27.0,27.0,26.9,26.8,26.7,26.8,26.8,26.8,26.9,26.9,26.9,26.9,27.0,26.9,26.8,26.9,27.0,26.9,27.0,26.9,26.9,27.1,26.9,26.9,27.1,26.9,27.1,27.0,26.9,27.0,27.1,27.0,27.0,27.1,27.2,27.0
195,27.3,27.5,27.5,27.2,27.2,27.3,27.3,27.1,27.3,27.2,27.3,27.2,27.4,27.3,27.3,27.4,27.4,27.1,27.1,27.2,27.4,27.1,27.2,27.3,27.2,27.4,27.4,27.2,27.4,27.3,27.0,27.2,27.4,27.2,27.1,27.1,27.0,26.8,26.8,26.8,26.7,26.8,27.0,26.8,26.7,26.8,26.7,26.8,26.8,26.8,26.8,26.7,26.9,26.8,26.8,26.7,26.9,26.8,26.9,26.8,26.8,26.8,26.8,26.8,26.9,26.9,26.8,26.8,26.8,26.8,27.0,26.7,26.9,26.8,26.8,27.0,26.8,26.8,26.9,26.8,26.9,26.8,26.8,26.9,26.9,26.9,27.0,27.0,27.0,26.9,26.8,26.9,27.0,26.8,26.9,26.8,26.8,26.8,26.9,27.0,26.8,26.7,26.9,26.8,26.6,26.8,26.9,26.9,26.8,26.8,26.7,26.7,26.9,26.8,26.6,26.7,26.7,26.6,26.6,26.6,26.8,26.8,26.7,26.8,26.7,26.6,26.8,26.8,26.6,26.7,26.6,26.6,26.8,26.6,26.7,26.6,26.7,26.8,27.0,26.9,26.9,26.8,27.0,27.0,26.8,26.9,26.6,26.8,26.9,27.0,26.9,26.9,27.0,27.0,27.0,27.0,26.8,26.9,26.8,27.0,26.9,26.8,26.9,26.8,26.9,27.0,26.9,26.9,27.0,26.8,27.0,27.0,26.8,26.8,26.7,27.0,26.9,26.9,27.0,26.9,26.8,26.8,27.0,26.9,26.9,27.0,26.8,26.9,27.1,26.9,27.0,27.1
196,27.3,27.4,27.3,27.5,27.4,27.3,27.3,27.2,27.2,27.2,27.3,27.3,27.2,27.3,27.2,27.2,27.2,27.1,27.2,27.1,27.2,27.1,27.2,27.2,27.2,27.3,27.3,27.2,27.2,27.3,27.3,27.3,27.1,27.2,27.2,27.1,27.1,26.9,26.8,26.7,26.7,26.8,26.8,26.8,26.8,26.8,26.8,26.6,26.6,26.7,26.6,26.7,26.9,26.8,26.9,26.6,26.8,26.8,26.7,26.7,26.7,26.8,26.8,26.7,26.8,26.7,26.9,26.8,26.9,26.9,26.9,26.7,26.9,26.8,26.9,27.1,27.0,27.0,26.9,27.0,26.9,26.9,27.0,26.8,26.9,26.9,27.0,26.8,26.9,26.9,27.0,27.0,27.0,26.9,27.1,26.9,26.8,26.9,26.8,26.8,26.7,26.8,26.8,27.0,26.8,26.8,26.8,26.8,26.7,26.8,26.9,26.9,26.8,26.8,26.9,26.9,26.8,26.8,26.7,26.8,26.8,26.7,27.0,26.8,26.8,26.6,26.6,26.6,26.6,26.7,26.8,26.7,26.8,26.8,26.7,26.8,26.7,26.8,27.0,26.9,27.0,27.1,26.8,26.7,26.7,26.8,26.8,26.8,27.0,26.9,26.9,26.9,27.0,26.9,26.9,26.9,26.9,26.9,26.9,27.0,26.8,27.0,26.8,26.8,27.0,26.8,27.0,26.9,26.9,27.0,26.9,26.8,26.9,27.0,26.8,27.0,26.9,26.8,26.8,26.8,27.0,27.0,26.9,26.8,27.0,26.9,27.0,27.0,26.9,27.0,27.1,27.2
197,27.4,27.3,27.5,27.5,27.2,27.3,27.1,27.2,27.5,27.3,27.3,27.4,27.2,27.2,27.1,27.3,27.2,27.1,27.3,27.1,27.4,27.1,27.1,27.2,27.2,27.3,27.3,27.4,27.4,27.2,27.2,27.3,27.2,27.2,27.2,27.2,26.9,27.0,26.9,26.8,26.7,26.6,26.7,26.9,26.6,26.8,26.8,26.6,26.6,26.8,26.8,26.8,26.8,26.8,26.9,26.8,26.8,26.8,26.6,26.8,26.8,26.7,26.7,26.7,26.8,26.8,26.8,26.8,26.9,26.7,26.8,26.8,27.0,26.9,26.8,26.9,27.0,27.0,26.9,27.0,26.9,27.0,27.0,26.9,26.9,26.8,27.0,27.0,27.0,27.0,26.9,26.9,27.0,27.0,26.8,27.0,26.8,26.8,26.8,26.8,26.6,26.9,26.8,26.6,26.8,26.7,26.7,26.8,26.7,26.8,26.8,26.8,27.0,26.7,26.8,26.8,26.8,26.8,26.8,26.8,26.7,26.8,26.8,26.7,26.7,26.6,26.7,26.6,26.5,26.7,26.8,26.7,26.8,26.7,26.8,26.6,26.7,26.7,26.7,26.8,26.8,26.8,26.9,26.8,26.7,26.8,26.8,26.9,26.8,26.9,26.9,26.9,26.9,27.0,26.8,26.9,26.7,26.8,26.9,27.0,26.9,27.0,26.8,26.9,26.9,26.8,26.8,26.8,26.9,26.7,26.9,27.0,27.0,26.8,26.8,26.8,26.9,26.8,26.9,26.8,27.0,26.8,26.8,26.9,26.8,27.0,26.8,27.0,27.0,27.0,26.9,27.0
198,27.5,27.5,27.4,27.4,27.6,27.2,27.2,27.4,27.4,27.3,27.2,27.3,27.4,27.3,27.3,27.5,27.2,27.3,27.2,27.2,27.2,27.3,27.2,27.2,27.3,27.5,27.3,27.4,27.2,27.1,27.2,27.3,27.4,27.2,27.2,27.2,27.0,26.9,26.8,26.7,26.7,26.7,26.6,26.8,26.7,26.8,26.8,26.8,26.8,26.7,26.9,26.8,26.8,26.8,26.7,26.7,26.8,27.0,26.7,26.8,26.9,26.8,26.9,27.0,26.7,26.6,26.7,26.7,26.8,26.9,26.9,26.8,27.0,26.8,27.1,27.0,27.0,26.9,27.0,26.9,26.8,27.1,26.9,26.8,27.0,26.8,27.0,26.9,27.0,26.9,27.0,27.0,27.0,27.0,27.0,26.9,26.9,27.2,26.9,26.8,26.7,26.8,27.0,26.9,26.7,26.8,27.0,26.8,26.7,27.0,26.8,26.7,26.9,27.0,26.8,26.8,26.8,26.9,26.8,26.8,26.8,26.8,26.7,26.8,26.8,26.6,26.6,26.7,26.7,26.7,26.6,26.6,26.8,26.7,26.7,26.8,26.9,26.8,26.8,26.8,26.9,26.8,26.8,26.8,26.7,26.7,26.8,26.9,27.0,27.0,26.9,26.9,26.8,26.8,26.8,26.9,26.8,26.7,26.7,26.8,27.0,27.0,26.9,26.9,27.0,26.8,26.8,27.0,27.1,27.1,27.0,27.0,27.0,26.7,27.0,27.0,26.9,27.0,27.2,26.9,26.8,27.0,27.0,26.9,26.9,27.1,27.0,27.0,26.9,27.0,26.8,27.0
199,27.3,27.3,27.5,27.5,27.4,27.4,27.5,27.5,27.3,27.3,27.3,27.3,27.2,27.4,27.3,27.2,27.1,27.2,27.2,27.2,27.3,27.2,27.2,27.2,27.1,27.3,27.2,27.1,27.4,27.3,27.2,27.2,27.2,27.2,27.2,27.1,27.1,27.0,26.8,26.9,26.8,26.9,26.8,26.8,27.0,26.8,26.8,26.8,26.6,27.0,26.8,26.7,26.7,26.8,26.6,26.7,26.9,26.7,26.9,26.8,26.8,26.8,26.8,26.8,26.8,26.8,26.8,26.7,26.8,26.8,26.8,26.6,26.9,27.0,26.9,26.8,27.0,27.0,27.0,27.0,27.0,26.8,27.0,26.9,26.8,26.9,27.0,26.9,26.9,26.8,26.8,27.1,27.0,27.0,27.0,26.8,26.9,26.9,26.7,26.7,26.8,26.6,26.8,26.8,26.8,26.7,26.7,26.9,26.8,26.6,26.7,26.8,26.9,26.8,27.0,26.8,26.8,26.7,26.9,26.8,26.8,26.9,26.7,26.7,26.7,26.6,26.7,26.7,26.8,26.8,26.6,26.9,26.8,26.8,26.8,26.6,26.8,26.9,26.9,26.8,27.0,26.9,26.6,26.7,26.8,27.0,26.9,26.8,27.1,27.1,27.2,26.9,26.9,26.9,26.7,26.7,26.8,26.8,26.9,27.0,26.9,27.1,27.0,26.8,26.9,26.8,27.0,27.0,26.8,27.1,27.0,26.8,26.9,26.9,27.0,27.0,26.8,27.0,26.9,26.9,27.0,27.0,27.0,27.0,26.8,26.9,26.9,27.2,26.9,26.9,27.0,26.9
200,27.6,27.3,27.4,27.5,27.3,27.3,27.3,27.3,27.2,27.2,27.3,27.2,27.2,27.4,27.2,27.3,27.3,27.4,27.1,27.2,27.3,27.2,27.2,27.2,27.1,27.2,27.2,27.2,27.1,27.2,27.4,27.3,27.4,27.1,27.1,27.2,27.0,27.0,26.7,26.8,26.7,26.9,26.8,26.9,26.8,26.9,26.8,26.8,26.8,26.9,26.9,26.7,26.8,26.6,26.8,26.7,26.6,26.6,26.8,26.8,26.9,26.7,26.9,26.8,26.8,26.8,26.6,26.6,26.8,26.8,26.8,26.8,26.9,26.8,27.0,26.9,26.8,27.0,26.9,26.9,26.9,26.9,26.9,27.0,26.9,26.9,27.1,26.8,27.0,27.0,26.8,26.8,26.8,27.0,26.8,27.0,26.9,26.8,26.8,26.7,26.6,26.8,26.6,26.6,26.7,26.7,26.6,26.9,26.8,26.8,26.8,26.8,26.8,27.0,26.8,26.7,26.9,26.8,26.7,26.9,26.7,26.7,26.8,26.8,26.6,26.6,26.9,26.9,26.6,26.8,26.8,26.8,26.7,26.7,26.8,26.9,26.7,27.0,26.7,26.8,26.8,26.7,26.7,26.8,26.8,26.7,26.8,26.9,26.9,26.9,26.9,26.9,26.8,26.8,26.9,26.7,26.8,26.9,26.9,26.8,26.9,27.0,26.9,26.9,26.8,26.9,26.8,26.8,26.8,26.8,27.0,27.0,27.0,26.9,26.9,26.8,26.8,26.8,26.8,26.8,27.0,26.9,26.9,26.8,26.8,27.0,26.9,26.8,26.7,26.8,26.9,26.8
201,27.5,27.4,27.5,27.3,27.5,27.4,27.4,27.3,27.3,27.3,27.3,27.5,27.3,27.4,27.2,27.2,27.4,27.4,27.4,27.1,27.2,27.3,27.5,27.2,27.2,27.2,27.2,27.2,27.1,27.0,27.2,27.2,27.2,27.2,27.2,27.0,26.9,26.9,26.8,26.7,26.6,26.7,27.0,26.9,26.8,26.7,26.8,26.8,26.8,27.0,26.8,26.8,26.9,26.8,26.8,26.8,26.8,26.7,26.7,26.8,26.8,26.7,26.6,26.7,26.8,26.8,26.8,26.6,26.8,26.7,26.8,26.8,26.8,26.8,26.9,26.9,27.0,26.7,27.0,26.9,26.8,26.9,26.9,26.9,26.8,26.9,26.8,26.9,26.9,26.9,26.8,27.0,26.9,26.7,26.8,26.8,26.8,26.8,26.8,26.7,26.8,26.8,26.7,26.7,26.6,26.7,26.7,26.7,26.8,26.8,26.8,26.8,26.9,26.8,26.9,26.8,26.7,26.8,26.8,26.8,26.9,26.8,26.8,26.8,26.8,26.6,26.7,26.8,26.7,26.7,26.7,26.6,26.7,26.8,26.8,26.8,26.7,26.9,26.9,26.8,26.8,26.9,26.7,26.9,26.8,26.8,27.0,27.1,26.9,26.9,26.8,26.8,26.8,27.0,26.8,27.0,26.8,26.9,26.9,26.8,26.9,26.8,26.8,26.9,26.9,26.8,26.7,26.7,26.8,27.1,26.8,26.9,26.9,27.0,26.9,27.0,26.9,27.0,27.1,26.8,26.9,26.9,26.9,26.9,26.9,26.9,26.8,26.9,26.8,26.9,27.0,26.9
202,27.4,27.4,27.3,27.2,27.6,27.5,27.6,27.3,27.3,27.2,27.5,27.5,27.3,27.3,27.4,27.2,27.4,27.3,27.2,27.4,27.4,27.3,27.3,27.2,27.3,27.3,27.2,27.3,27.2,27.2,27.2,27.4,27.1,27.1,27.2,27.1,27.1,27.0,26.8,26.8,26.8,26.8,26.8,26.9,26.8,26.9,26.7,26.8,27.0,27.0,27.1,26.9,26.9,26.8,26.9,26.8,26.8,26.9,26.8,26.8,26.8,26.8,26.8,26.9,26.9,26.7,26.8,26.7,26.7,26.9,26.9,26.9,26.8,26.8,26.7,26.9,26.8,26.9,27.0,27.0,26.9,26.8,26.9,26.9,27.0,27.0,26.9,26.9,27.0,26.9,26.9,26.9,27.0,26.9,27.0,26.7,26.9,26.8,26.7,26.7,26.6,26.8,26.7,26.6,26.7,26.8,26.8,26.8,27.1,26.9,26.9,27.0,26.8,26.8,26.7,26.9,26.8,26.8,26.9,26.8,26.9,26.8,26.8,26.8,26.8,26.7,26.6,26.7,26.9,26.9,26.6,26.7,26.8,26.6,26.8,26.9,26.8,26.8,26.7,27.0,26.8,26.9,26.8,26.7,26.9,27.0,27.1,27.1,27.0,26.9,26.8,26.8,26.9,27.0,26.8,26.8,26.7,26.9,26.9,26.9,26.7,26.8,26.8,27.0,26.8,26.9,26.8,26.6,26.8,26.9,26.9,27.0,26.9,27.0,27.0,27.0,26.9,26.9,27.0,27.0,26.9,27.0,26.9,26.8,26.8,27.2,27.0,26.9,26.8,26.8,27.0,26.8
203,27.7,27.6,27.5,27.6,27.5,27.5,27.5,27.5,27.3,27.3,27.4,27.3,27.4,27.5,27.5,27.3,27.4,27.5,27.4,27.4,27.4,27.3,27.3,27.4,27.3,27.3,27.3,27.2,27.2,27.2,27.2,27.2,27.3,27.2,27.4,27.2,27.1,26.9,26.8,26.9,26.8,26.7,26.9,26.8,26.7,26.8,26.9,26.9,26.8,26.8,26.6,26.9,26.9,26.8,26.8,26.9,26.8,26.8,26.8,26.8,26.9,27.0,26.8,26.8,26.8,26.8,26.8,26.7,26.7,26.8,26.8,26.9,26.8,26.8,26.8,26.8,27.0,26.7,27.0,26.9,26.7,27.0,26.9,26.9,26.8,26.9,27.0,26.7,26.9,26.8,26.8,26.8,26.8,26.8,27.0,26.8,26.8,26.8,26.7,26.7,26.8,26.7,26.6,26.6,26.6,26.7,26.9,26.9,27.0,26.8,26.8,26.8,26.8,27.0,26.9,26.8,26.8,26.8,26.8,26.9,26.9,26.9,26.8,26.8,26.7,26.8,26.7,26.8,26.9,26.8,26.7,26.8,26.9,26.8,26.7,26.7,26.7,26.6,26.7,26.7,26.9,26.9,26.9,26.8,26.8,27.0,26.9,27.2,26.8,26.8,26.7,26.7,26.9,26.8,26.9,26.9,26.7,26.8,26.8,26.7,26.9,27.0,26.9,26.8,27.0,27.0,26.8,26.8,26.8,26.8,26.9,27.0,26.9,26.9,26.8,27.1,26.8,27.0,26.9,26.9,26.9,26.9,27.0,26.9,27.0,27.1,26.9,26.8,27.0,26.8,26.9,27.0
204,27.5,27.5,27.5,27.4,27.4,27.4,27.4,27.5,27.3,27.5,27.5,27.2,27.4,27.5,27.5,27.5,27.5,27.4,27.5,27.4,27.4,27.4,27.3,27.3,27.1,27.4,27.2,27.2,27.1,27.2,27.1,27.2,27.3,27.1,27.2,27.0,27.2,27.2,26.8,26.8,26.7,26.7,26.8,26.8,26.7,26.9,26.6,26.8,26.9,26.9,26.7,26.9,26.9,26.9,26.8,26.7,27.0,26.9,26.8,26.9,26.8,26.9,26.9,27.0,26.9,26.8,26.9,26.8,26.8,27.0,26.9,26.9,26.9,26.7,26.9,26.8,27.0,26.9,26.8,26.9,26.9,26.8,27.0,26.9,26.8,26.8,26.8,26.8,26.9,26.9,26.8,26.9,26.9,26.9,26.7,26.9,26.8,26.8,26.7,26.8,26.8,26.8,26.7,26.8,26.7,26.9,27.0,26.8,26.9,26.8,26.9,26.9,26.9,26.8,26.8,27.1,26.9,26.8,26.9,26.8,26.8,26.9,26.8,26.8,26.8,26.6,26.7,26.8,26.7,26.8,26.8,26.7,26.8,26.6,26.6,26.8,26.7,26.8,26.8,26.8,26.7,26.9,26.8,26.9,27.1,27.0,26.8,27.0,27.0,26.8,26.9,27.0,26.9,26.9,27.0,27.0,26.9,26.9,27.0,26.9,26.7,26.9,26.9,26.9,26.8,26.9,26.9,26.9,26.8,26.9,27.0,27.0,27.0,26.9,26.9,27.0,27.1,26.9,27.0,26.8,26.9,26.8,27.0,27.0,26.9,27.1,26.8,27.0,27.1,26.9,26.9,27.0
205,27.5,27.4,27.4,27.4,27.5,27.5,27.4,27.2,27.2,27.3,27.4,27.2,27.4,27.5,27.3,27.4,27.5,27.4,27.3,27.3,27.5,27.2,27.4,27.3,27.2,27.3,27.0,27.2,27.2,27.2,27.0,27.1,27.0,27.1,27.2,27.1,26.9,26.9,26.8,26.8,26.7,26.9,26.8,26.9,26.7,26.9,26.8,26.7,26.8,26.9,26.8,26.8,26.9,26.8,26.8,26.9,26.9,26.8,26.8,26.8,27.0,26.8,27.0,26.9,27.0,26.8,26.8,26.8,26.9,27.0,26.9,26.9,26.9,26.8,26.9,26.9,26.9,26.9,26.8,26.8,26.8,26.9,26.9,26.8,26.8,26.8,27.1,26.8,26.9,26.8,26.7,26.9,26.8,26.9,26.8,26.8,26.7,26.8,26.7,26.8,26.7,26.7,26.8,26.7,26.7,26.7,26.6,26.7,26.7,26.8,26.8,26.9,26.7,26.8,26.7,26.9,26.9,26.8,26.8,26.9,26.7,26.9,26.9,26.9,26.8,26.7,26.7,26.6,26.7,26.6,26.6,26.6,26.7,26.6,26.6,26.6,26.8,26.9,27.0,27.0,26.9,26.9,26.9,27.0,27.0,27.0,26.9,26.8,26.9,27.0,26.8,26.9,26.9,26.9,27.0,27.0,26.9,27.0,26.8,26.9,26.8,26.8,26.8,26.8,26.8,26.9,26.8,26.8,26.7,26.8,26.8,27.0,27.0,26.9,26.9,26.9,27.1,27.1,27.0,27.0,26.8,26.8,26.9,27.0,27.0,27.0,27.0,27.0,26.9,26.9,26.9,27.0
206,27.6,27.4,27.4,27.4,27.4,27.3,27.4,27.3,27.3,27.2,27.2,27.3,27.5,27.4,27.4,27.4,27.5,27.4,27.3,27.4,27.3,27.2,27.3,27.5,27.3,27.4,27.1,27.2,27.1,27.2,27.2,27.1,27.2,27.1,27.2,27.1,27.1,27.1,27.0,26.9,26.7,26.9,26.9,26.9,26.9,26.9,26.8,26.7,26.8,26.8,26.9,27.0,27.0,27.0,26.9,26.8,26.8,26.8,26.9,26.9,27.0,26.9,27.0,26.9,27.0,26.8,26.8,26.8,27.0,26.8,26.8,26.8,27.0,26.8,26.8,27.1,26.9,27.0,27.0,27.1,27.0,27.0,27.0,27.1,27.1,26.9,27.0,27.0,26.9,27.2,27.0,27.0,26.8,26.9,26.9,26.9,26.7,26.8,26.8,26.8,26.8,26.7,26.7,26.9,26.8,26.8,26.7,26.8,26.9,26.8,26.8,26.9,26.8,26.8,26.8,26.9,26.9,26.8,26.8,26.8,26.9,26.8,26.8,27.0,26.7,26.8,26.7,26.7,26.7,26.6,26.6,26.7,26.6,26.7,26.9,26.8,27.0,26.9,26.9,26.8,26.9,26.9,26.9,27.0,27.1,27.0,26.9,27.0,26.9,27.0,26.9,26.8,27.0,26.9,27.1,27.0,26.9,26.9,26.8,26.9,26.9,26.8,26.9,26.8,26.9,26.8,27.1,27.0,27.0,26.9,26.9,27.0,26.9,26.8,27.1,27.0,26.9,27.0,27.0,27.1,27.0,27.1,27.0,26.9,26.9,27.0,27.0,26.9,26.8,26.9,27.0,26.8
207,27.6,27.4,27.4,27.2,27.5,27.5,27.2,27.5,27.5,27.4,27.4,27.4,27.3,27.5,27.2,27.4,27.6,27.4,27.2,27.3,27.5,27.3,27.3,27.3,27.2,27.4,27.3,27.2,27.2,27.2,27.1,27.0,27.0,27.2,27.2,27.4,27.0,27.2,27.1,27.0,26.8,26.9,26.8,27.1,27.0,27.1,27.2,27.1,26.9,27.1,27.1,27.1,27.0,27.1,27.0,27.0,27.0,27.0,26.9,27.0,27.1,26.9,27.1,27.0,27.0,26.9,26.9,27.0,27.0,27.0,26.9,26.8,27.0,26.9,27.0,27.1,27.2,27.4,27.2,27.4,27.4,27.3,27.3,27.1,27.2,27.2,27.3,27.4,27.4,27.4,27.4,27.4,27.2,27.2,27.0,27.0,27.0,26.8,27.0,26.9,26.8,26.8,26.8,26.8,26.8,26.7,26.7,26.8,26.8,26.8,27.0,26.8,26.8,26.8,26.9,26.9,26.9,26.8,26.9,26.9,26.7,26.8,26.9,27.0,26.8,26.7,26.9,26.7,26.4,26.5,26.6,26.8,26.8,26.8,27.0,26.8,26.9,26.9,26.8,26.9,26.8,26.9,26.9,26.9,27.0,26.9,26.8,26.8,27.0,27.0,26.8,26.8,26.8,26.9,26.8,26.8,26.8,27.0,26.8,26.9,26.8,26.8,26.9,26.7,26.8,26.8,26.7,27.0,26.9,26.8,27.0,26.9,27.1,26.8,26.9,26.8,26.9,26.9,27.0,27.0,26.9,26.9,26.9,27.0,26.9,27.0,27.0,26.9,26.9,26.8,26.8,27.0
208,27.4,27.3,27.5,27.4,27.4,27.4,27.5,27.3,27.5,27.5,27.4,27.3,27.3,27.4,27.3,27.4,27.5,27.3,27.2,27.4,27.3,27.4,27.3,27.2,27.2,27.2,27.3,27.3,27.1,27.1,27.2,27.1,27.2,27.2,27.1,27.1,27.2,27.2,27.1,27.1,27.2,27.0,27.2,27.2,27.2,27.1,27.0,27.1,27.2,27.1,27.2,27.1,27.2,27.1,27.0,27.2,27.1,27.2,27.1,27.0,27.2,27.2,27.2,27.1,27.2,27.2,27.0,27.2,27.2,27.1,27.0,26.9,27.0,27.2,27.2,27.6,27.5,27.6,27.8,27.6,27.6,27.7,27.7,27.7,27.8,27.9,27.7,27.8,27.8,27.8,27.6,27.8,27.6,27.5,27.3,27.3,27.0,27.1,26.9,27.1,26.9,26.9,26.8,27.0,27.0,27.0,27.0,27.0,27.0,26.9,26.9,26.9,27.0,26.8,26.8,27.0,26.9,26.9,26.8,26.8,26.8,27.0,26.7,26.9,26.8,26.8,26.7,26.8,26.6,26.8,26.8,26.8,27.0,27.0,27.0,27.0,26.9,26.8,26.8,27.0,26.9,26.8,27.0,26.8,27.0,26.9,26.9,26.8,26.9,27.0,26.8,27.0,27.0,27.1,27.0,26.9,27.0,27.0,26.9,26.9,26.9,26.9,26.8,26.8,26.8,26.9,26.9,26.8,26.9,26.8,26.8,27.0,27.1,26.7,27.0,27.0,26.9,27.0,26.9,27.0,27.0,27.0,27.0,27.0,27.0,27.1,27.0,26.9,27.0,26.9,27.0,27.0
209,27.5,27.6,27.4,27.5,27.4,27.3,27.5,27.3,27.4,27.3,27.4,27.0,27.2,27.4,27.4,27.4,27.4,27.5,27.5,27.3,27.4,27.2,27.3,27.4,27.4,27.2,27.5,27.4,27.1,27.2,27.2,27.4,27.0,27.0,27.0,26.9,27.1,27.2,27.1,27.0,27.0,27.2,27.0,27.3,27.1,27.2,27.1,27.3,27.1,27.2,27.1,27.2,27.2,27.2,27.0,27.2,27.2,27.2,27.1,27.2,27.4,27.2,27.2,27.2,27.2,27.1,27.1,27.1,27.2,27.3,27.1,27.0,27.2,27.0,27.4,27.5,27.5,27.7,27.7,27.7,27.8,27.8,27.9,27.8,27.9,28.0,27.8,27.9,27.9,28.0,27.9,27.7,27.7,27.6,27.4,27.4,27.1,27.0,27.1,26.9,27.0,27.0,27.0,27.1,27.0,27.0,27.0,27.2,27.0,26.9,27.0,27.0,26.9,26.8,26.9,27.0,27.0,27.0,26.8,26.9,26.9,26.9,26.8,26.8,26.7,26.7,26.6,26.7,26.6,26.8,26.8,26.7,26.9,26.9,26.7,26.9,26.9,26.9,26.7,27.0,26.8,26.9,26.7,26.9,26.8,26.7,26.8,26.9,26.8,26.9,26.8,27.0,26.9,27.0,26.8,27.0,26.9,27.0,26.8,26.9,26.9,26.8,26.9,26.9,26.8,26.8,26.9,26.8,26.9,26.9,26.8,26.7,27.0,26.8,26.9,27.0,26.8,26.9,27.0,26.8,26.9,26.9,26.9,26.8,26.9,27.0,26.9,27.0,26.8,26.9,26.7,26.8
210,27.4,27.3,27.4,27.5,27.5,27.4,27.4,27.3,27.6,27.4,27.3,27.5,27.5,27.5,27.3,27.5,27.3,27.5,27.5,27.4,27.4,27.3,27.3,27.3,27.3,27.4,27.4,27.4,27.3,27.3,27.2,27.2,27.2,27.2,27.1,27.0,27.1,27.2,27.3,27.0,27.0,27.2,27.3,27.4,27.4,27.2,27.1,27.3,27.4,27.3,27.2,27.2,27.4,27.1,27.2,27.2,27.4,27.2,27.2,27.3,27.4,27.3,27.4,27.4,27.3,27.2,27.3,27.3,27.2,27.3,27.2,27.1,27.2,27.1,27.5,27.7,27.8,27.9,27.7,27.9,27.9,28.1,28.0,28.3,28.0,28.2,28.3,28.1,28.1,28.1,27.9,27.9,27.7,27.7,27.4,27.5,27.5,27.1,27.0,27.1,27.0,27.2,27.1,27.0,27.0,27.0,26.8,27.0,27.1,27.0,27.0,26.9,26.9,27.0,26.9,27.0,27.0,27.0,26.9,27.0,26.8,26.9,26.7,26.8,26.8,26.6,26.6,26.4,26.8,26.8,26.9,26.9,26.8,26.8,26.8,26.9,26.8,26.8,26.8,26.9,26.8,26.9,27.0,26.9,26.9,26.7,26.8,27.0,27.0,26.8,27.0,26.9,26.9,27.0,27.0,26.9,26.9,27.0,27.0,26.9,26.9,27.1,26.8,27.0,26.8,26.8,27.0,26.7,26.8,27.0,26.8,26.8,27.0,26.9,27.0,26.8,27.0,26.9,27.0,26.7,26.9,26.9,26.9,27.0,27.0,26.9,26.9,27.0,26.9,26.9,26.9,27.1
211,27.5,27.5,27.3,27.3,27.4,27.3,27.3,27.5,27.3,27.5,27.5,27.4,27.5,27.3,27.4,27.5,27.4,27.4,27.5,27.5,27.4,27.4,27.3,27.4,27.3,27.2,27.4,27.2,27.2,27.2,27.4,27.2,27.2,27.2,27.2,27.2,27.2,27.2,27.3,27.1,27.2,27.2,27.2,27.4,27.3,27.3,27.1,27.3,27.1,27.1,27.1,27.2,27.4,27.2,27.3,27.2,27.2,27.2,27.2,27.2,27.3,27.3,27.5,27.2,27.2,27.2,27.3,27.2,27.2,27.3,27.2,27.2,27.4,27.5,27.5,27.6,27.7,27.7,27.7,27.8,27.9,27.9,28.0,27.8,28.0,28.1,27.9,28.1,28.0,28.2,28.1,27.9,27.9,27.6,27.5,27.6,27.3,27.3,27.2,27.1,27.1,27.1,27.1,27.1,27.1,27.1,27.0,27.0,27.1,27.0,27.0,27.0,26.9,27.0,27.0,26.9,27.1,27.1,27.0,27.0,27.0,26.9,26.7,26.9,26.6,26.6,26.5,26.6,26.9,26.9,26.8,26.9,27.0,26.7,26.8,27.0,26.7,26.7,26.9,26.9,27.0,26.8,26.9,26.8,26.9,26.8,26.9,26.8,27.0,27.1,27.0,26.9,27.1,27.1,27.0,26.9,27.0,27.1,27.1,27.1,26.8,27.1,27.0,26.9,26.9,27.1,27.0,27.0,26.9,27.0,27.0,26.9,27.0,26.9,27.1,27.0,26.9,26.9,26.9,27.1,27.0,27.0,27.0,27.0,26.9,27.0,27.1,27.0,27.0,27.0,27.0,27.0
212,27.5,27.5,27.4,27.3,27.4,27.5,27.3,27.2,27.5,27.6,27.3,27.4,27.4,27.4,27.4,27.4,27.5,27.4,27.4,27.3,27.5,27.4,27.3,27.4,27.3,27.3,27.4,27.5,27.3,27.2,27.3,27.2,27.2,27.2,27.3,27.3,27.4,27.3,27.4,27.3,27.2,27.5,27.3,27.2,27.1,27.3,27.1,27.2,27.2,27.3,27.2,27.2,27.3,27.4,27.3,27.2,27.4,27.3,27.1,27.3,27.3,27.3,27.3,27.5,27.5,27.2,27.2,27.4,27.2,27.2,27.5,27.2,27.6,27.5,27.5,27.7,27.6,27.8,27.9,27.8,27.8,27.9,27.9,28.0,28.0,28.1,28.1,28.0,28.1,28.0,28.0,27.8,28.0,27.9,27.7,27.6,27.5,27.2,27.3,27.2,27.3,27.2,27.1,27.2,27.1,27.2,27.0,27.1,27.2,27.1,27.0,27.0,27.1,27.2,27.1,27.0,27.0,27.0,27.0,26.9,26.8,26.9,26.7,26.7,26.7,26.6,26.6,26.6,26.8,26.8,26.7,26.7,27.0,26.8,27.0,26.9,26.8,27.0,26.8,27.0,26.9,27.0,26.8,26.8,26.8,26.9,26.8,26.8,26.9,26.9,26.9,26.8,26.9,27.0,26.8,27.0,27.1,27.0,27.1,27.2,26.9,27.1,27.0,26.9,27.1,26.9,26.8,26.8,26.8,26.8,26.8,26.8,26.8,26.8,26.8,26.9,26.9,27.0,26.9,27.0,26.9,26.9,27.0,26.8,27.0,27.0,27.0,26.8,26.9,26.8,26.8,26.9
213,27.4,27.5,27.4,27.5,27.4,27.3,27.4,27.4,27.4,27.5,27.4,27.3,27.4,27.2,27.4,27.4,27.3,27.3,27.5,27.3,27.4,27.4,27.4,27.4,27.4,27.4,27.2,27.2,27.4,27.4,27.2,27.3,27.2,27.3,27.3,27.5,27.5,27.5,27.4,27.4,27.2,27.3,27.1,27.4,27.1,27.2,27.3,27.2,27.2,27.3,27.1,27.2,27.2,27.2,27.4,27.3,27.2,27.2,27.2,27.1,27.2,27.3,27.4,27.4,27.2,27.4,27.3,27.3,27.4,27.3,27.5,27.2,27.5,27.5,27.8,27.6,27.6,27.6,27.6,27.7,27.7,27.8,27.8,27.8,27.9,28.0,28.1,27.9,27.9,28.1,27.9,27.9,27.8,27.6,27.6,27.7,27.4,27.2,27.2,27.2,27.2,27.2,27.2,27.0,27.0,27.0,27.1,27.1,27.1,27.0,27.1,27.0,27.0,27.0,27.1,27.0,27.0,27.0,27.0,26.9,26.8,26.9,26.6,26.7,26.4,26.6,26.5,26.8,26.8,26.7,26.8,26.8,26.9,27.0,26.8,26.9,26.8,26.9,26.9,26.9,26.6,26.8,26.7,26.6,26.9,26.8,26.8,26.8,26.8,27.0,26.9,26.9,26.9,27.1,27.0,27.0,27.0,27.0,27.0,27.0,27.1,26.9,27.0,27.0,27.0,27.0,26.8,27.1,26.8,26.8,26.9,27.0,26.8,26.7,26.8,26.8,26.8,26.9,26.8,26.9,26.8,26.8,26.8,27.0,27.0,26.9,26.8,26.9,26.8,27.0,27.0,26.9
214,27.5,27.5,27.4,27.4,27.4,27.4,27.6,27.4,27.3,27.3,27.5,27.3,27.4,27.5,27.3,27.5,27.4,27.4,27.5,27.5,27.5,27.4,27.4,27.3,27.4,27.3,27.3,27.3,27.5,27.3,27.2,27.2,27.4,27.5,27.4,27.4,27.3,27.4,27.4,27.2,27.1,27.3,27.4,27.2,27.3,27.3,27.2,27.3,27.2,27.2,27.1,27.3,27.3,27.2,27.3,27.2,27.2,27.1,27.2,27.3,27.3,27.3,27.3,27.4,27.4,27.2,27.2,27.4,27.3,27.4,27.4,27.4,27.5,27.6,27.5,27.5,27.6,27.7,27.6,27.6,27.7,27.7,27.8,27.9,27.9,28.0,28.1,28.1,28.1,28.0,28.0,27.8,27.9,27.6,27.7,27.7,27.5,27.2,27.0,27.2,27.0,27.2,27.2,27.0,27.2,27.2,27.0,27.2,27.1,27.1,27.2,26.9,27.1,27.0,26.9,27.1,27.2,27.1,27.0,26.9,26.8,26.7,26.4,26.6,26.5,26.4,26.8,26.9,26.7,27.0,27.0,26.8,27.0,27.0,27.0,27.0,26.9,26.9,26.9,27.0,26.8,26.8,26.8,26.9,26.8,26.9,26.8,27.0,27.1,27.0,26.9,27.0,27.0,27.0,27.1,26.9,27.1,26.9,27.1,27.0,27.0,27.1,27.0,27.0,26.8,27.0,26.8,26.9,27.0,26.9,26.8,26.8,26.9,26.7,26.8,27.0,26.9,26.9,26.9,26.9,27.0,26.9,26.9,26.8,26.9,26.8,26.9,27.0,27.0,26.9,26.9,26.8
215,27.3,27.4,27.5,27.4,27.5,27.6,27.5,27.5,27.4,27.4,27.4,27.3,27.5,27.2,27.5,27.3,27.4,27.4,27.4,27.5,27.5,27.4,27.4,27.5,27.3,27.3,27.3,27.5,27.5,27.6,27.4,27.4,27.5,27.3,27.3,27.4,27.3,27.3,27.3,27.2,27.1,27.2,27.1,27.3,27.4,27.4,27.2,27.3,27.5,27.2,27.2,27.2,27.5,27.0,27.3,27.3,27.4,27.3,27.4,27.4,27.4,27.3,27.4,27.5,27.5,27.2,27.4,27.3,27.3,27.2,27.4,27.3,27.5,27.7,27.5,27.7,27.4,27.8,27.7,27.6,27.6,27.5,27.8,27.9,27.9,28.0,28.1,27.9,28.0,28.2,28.1,27.9,27.8,27.6,27.7,27.6,27.4,27.3,27.2,27.2,27.1,27.2,27.1,27.0,27.0,27.0,27.1,27.2,26.9,27.0,27.0,26.9,26.8,27.0,27.0,27.0,27.0,27.0,26.8,26.8,26.9,26.7,26.6,26.7,26.4,26.7,26.8,26.7,26.8,26.9,26.9,26.9,26.9,27.0,26.8,26.9,26.9,26.8,27.0,26.9,26.8,26.9,26.9,26.8,26.8,27.1,27.1,27.0,27.0,27.0,26.9,27.1,26.9,27.0,27.0,27.1,26.9,27.1,27.0,27.0,26.8,27.0,27.0,26.8,27.1,27.1,27.0,27.0,27.0,26.9,26.9,26.9,26.8,26.8,26.9,26.9,26.8,27.0,26.8,26.9,26.9,27.0,27.0,27.0,27.0,27.0,27.0,27.0,26.9,27.0,27.0,26.9
216,27.2,27.2,27.4,27.5,27.6,27.3,27.5,27.4,27.3,27.4,27.4,27.3,27.2,27.4,27.4,27.4,27.5,27.4,27.4,27.4,27.6,27.3,27.6,27.5,27.5,27.5,27.6,27.4,27.5,27.5,27.5,27.5,27.3,27.4,27.5,27.3,27.3,27.4,27.2,27.2,27.1,27.4,27.2,27.1,27.3,27.4,27.4,27.3,27.2,27.3,27.3,27.5,27.3,27.4,27.1,27.2,27.3,27.3,27.3,27.4,27.4,27.4,27.5,27.3,27.4,27.4,27.3,27.5,27.4,27.4,27.4,27.4,27.6,27.6,27.8,27.6,27.5,27.5,27.7,27.7,27.7,27.6,27.7,27.9,28.0,28.0,28.1,28.0,28.1,28.1,28.0,27.8,27.7,27.6,27.7,27.5,27.6,27.4,27.2,27.1,27.3,27.2,27.2,27.2,27.2,27.0,27.0,27.1,27.1,27.1,27.0,27.1,27.0,26.9,27.1,27.0,27.0,26.8,26.8,26.9,26.7,26.7,26.6,26.8,26.6,26.6,26.9,26.8,26.8,26.8,27.0,26.9,27.0,26.9,27.0,26.9,26.9,26.9,26.8,27.0,26.9,27.0,26.9,26.8,26.8,27.0,26.8,27.0,27.1,27.0,27.0,26.8,27.0,26.8,27.0,27.0,26.9,26.9,26.9,26.9,26.9,27.2,27.0,26.9,26.9,27.0,27.0,27.0,26.9,27.0,26.9,26.8,27.0,26.8,26.9,26.8,26.9,26.7,26.9,26.9,27.0,27.0,27.1,26.9,26.9,27.2,26.8,26.8,26.9,27.0,26.8,27.0
217,27.0,27.2,27.2,27.5,27.4,27.4,27.3,27.3,27.3,27.6,27.4,27.2,27.6,27.4,27.2,27.3,27.5,27.3,27.4,27.5,27.4,27.5,27.6,27.6,27.4,27.6,27.5,27.4,27.6,27.3,27.4,27.2,27.3,27.2,27.4,27.2,27.3,27.3,27.3,27.3,27.3,27.4,27.3,27.3,27.2,27.4,27.3,27.2,27.3,27.3,27.1,27.4,27.4,27.2,27.1,27.3,27.4,27.4,27.5,27.4,27.3,27.3,27.5,27.2,27.5,27.3,27.3,27.4,27.3,27.3,27.3,27.3,27.6,27.6,27.5,27.6,27.6,27.5,27.5,27.6,27.7,27.6,27.9,27.7,28.0,28.1,27.9,27.9,28.1,27.8,27.8,27.8,27.8,27.6,27.6,27.5,27.6,27.5,27.2,27.0,27.2,27.3,27.3,27.1,27.0,27.2,27.1,27.2,27.0,27.1,27.0,27.0,27.0,27.1,27.0,27.0,26.9,27.0,26.9,26.8,26.8,26.7,26.7,26.6,26.8,26.8,26.8,27.0,26.9,26.8,26.8,26.8,27.0,27.0,26.9,26.9,26.8,26.9,26.9,27.0,26.8,26.8,26.9,26.9,27.1,26.9,27.2,27.1,26.9,26.9,26.9,27.0,26.9,27.1,26.8,27.0,26.9,27.0,26.9,26.9,27.0,27.0,26.9,26.8,26.9,27.1,27.0,27.0,27.0,27.0,26.8,26.9,27.0,26.8,26.9,27.0,26.9,26.9,26.8,26.9,27.0,27.0,26.9,26.7,26.9,26.8,26.8,26.9,26.9,26.8,27.0,27.0
218,26.7,27.0,27.2,27.2,27.5,27.4,27.3,27.5,27.4,27.2,27.4,27.3,27.5,27.3,27.4,27.3,27.5,27.5,27.3,27.5,27.6,27.4,27.5,27.6,27.5,27.4,27.4,27.5,27.3,27.4,27.4,27.4,27.5,27.2,27.2,27.1,27.4,27.3,27.2,27.3,27.2,27.3,27.3,27.3,27.4,27.3,27.4,27.2,27.3,27.2,27.2,27.3,27.3,27.2,27.2,27.4,27.2,27.3,27.5,27.4,27.4,27.3,27.3,27.5,27.2,27.3,27.2,27.3,27.2,27.4,27.3,27.3,27.4,27.5,27.5,27.5,27.5,27.4,27.6,27.8,27.4,27.5,27.7,27.6,28.0,27.8,27.8,27.8,28.0,27.6,27.8,27.6,27.8,27.7,27.5,27.5,27.6,27.6,27.4,27.2,27.2,27.3,27.2,27.2,27.1,27.1,27.0,27.0,27.0,27.0,27.0,27.1,27.1,27.1,27.0,27.0,26.8,26.9,26.8,26.9,26.8,26.8,26.7,27.0,26.9,26.8,26.7,26.7,26.8,26.9,27.0,27.0,27.0,27.0,26.9,26.9,27.0,27.0,26.8,27.1,26.9,27.0,27.0,27.0,26.9,27.0,27.0,26.9,26.9,26.9,27.0,27.0,26.9,26.9,26.7,26.8,27.0,26.9,26.9,27.0,27.0,27.0,26.9,26.9,26.9,27.0,26.8,26.9,26.9,27.0,27.0,26.7,26.9,26.9,26.8,26.8,26.7,26.8,26.9,26.8,26.9,26.9,27.0,27.0,27.0,27.0,26.9,26.9,26.8,26.9,27.0,27.1
219,26.9,26.9,27.1,27.1,27.3,27.3,27.5,27.2,27.6,27.5,27.5,27.3,27.4,27.5,27.3,27.4,27.5,27.4,27.5,27.5,27.5,27.5,27.6,27.6,27.5,27.7,27.5,27.5,27.5,27.3,27.4,27.5,27.4,27.3,27.3,27.3,27.2,27.5,27.2,27.3,27.5,27.3,27.4,27.4,27.4,27.3,27.2,27.5,27.3,27.2,27.2,27.3,27.3,27.3,27.3,27.2,27.5,27.3,27.4,27.5,27.4,27.3,27.4,27.5,27.5,27.4,27.3,27.5,27.4,27.5,27.4,27.4,27.4,27.5,27.6,27.5,27.7,27.7,27.7,27.7,27.7,27.7,27.6,27.8,27.6,27.8,27.8,27.7,27.8,27.9,27.8,27.6,27.7,27.5,27.7,27.6,27.5,27.5,27.5,27.4,27.5,27.4,27.5,27.2,27.2,27.4,27.2,27.1,27.2,27.1,27.0,27.0,27.1,27.0,27.1,26.8,26.9,26.9,26.9,26.9,26.9,27.0,27.0,27.0,27.0,26.8,26.8,26.9,26.9,27.0,26.9,27.0,27.0,27.0,27.0,27.0,27.0,26.9,26.9,26.9,27.0,26.8,27.1,27.0,27.0,27.0,27.0,26.9,27.1,27.1,27.0,27.0,27.0,27.0,27.1,27.0,26.9,27.0,26.9,27.0,26.9,27.0,27.0,26.9,27.0,27.0,27.0,27.0,26.8,27.0,26.9,26.8,27.0,26.8,27.0,26.9,26.8,26.9,26.9,27.0,27.0,26.8,26.8,26.8,26.8,26.8,26.9,26.9,26.8,27.0,26.9,27.0
220,26.6,26.6,26.9,27.0,27.1,27.2,27.2,27.4,27.5,27.4,27.5,27.5,27.5,27.4,27.4,27.4,27.5,27.5,27.5,27.5,27.4,27.4,27.5,27.5,27.3,27.5,27.5,27.5,27.5,27.2,27.4,27.4,27.4,27.3,27.3,27.2,27.4,27.3,27.2,27.4,27.2,27.3,27.2,27.3,27.3,27.4,27.3,27.3,27.4,27.1,27.2,27.2,27.4,27.4,27.2,27.3,27.3,27.2,27.2,27.3,27.4,27.3,27.5,27.3,27.4,27.4,27.5,27.4,27.5,27.3,27.4,27.3,27.4,27.5,27.6,27.7,27.5,27.5,27.6,27.5,27.5,27.5,27.6,27.5,27.7,27.7,27.6,27.5,27.7,27.5,27.7,27.6,27.6,27.6,27.6,27.8,27.7,27.6,27.7,27.4,27.4,27.5,27.5,27.2,27.2,27.1,27.0,27.0,27.2,27.1,27.0,27.2,27.0,27.0,27.0,27.0,26.9,26.9,27.0,27.0,26.9,26.9,27.0,26.9,26.9,26.8,26.9,26.9,26.9,26.8,26.9,27.0,26.9,26.9,26.9,26.9,27.0,27.0,27.0,27.0,27.0,27.0,27.1,27.0,27.1,27.1,27.0,27.0,27.0,27.0,26.9,27.0,27.0,27.1,26.9,26.9,26.8,27.0,27.0,26.9,26.8,27.0,27.0,26.9,26.8,27.0,26.9,26.7,26.8,26.9,27.0,26.8,26.9,26.9,26.9,26.8,26.9,27.0,26.8,26.8,26.7,26.6,26.7,26.8,26.8,26.8,26.8,26.8,26.9,26.7,26.8,26.9
221,26.4,26.7,26.7,26.7,26.9,27.0,27.2,27.4,27.3,27.4,27.5,27.2,27.4,27.4,27.4,27.5,27.5,27.5,27.5,27.6,27.7,27.5,27.6,27.4,27.3,27.5,27.3,27.4,27.5,27.4,27.4,27.5,27.4,27.4,27.4,27.2,27.4,27.3,27.5,27.3,27.2,27.4,27.4,27.2,27.4,27.5,27.3,27.2,27.3,27.3,27.4,27.2,27.2,27.4,27.6,27.2,27.3,27.3,27.2,27.3,27.3,27.3,27.4,27.2,27.3,27.4,27.5,27.6,27.6,27.5,27.5,27.2,27.4,27.6,27.6,27.6,27.6,27.4,27.4,27.6,27.6,27.4,27.5,27.4,27.7,27.6,27.7,27.7,27.7,27.7,27.7,27.7,27.6,27.5,27.6,27.6,27.6,27.6,27.6,27.5,27.6,27.6,27.5,27.3,27.2,27.1,27.0,27.0,27.3,27.1,27.1,27.0,27.1,27.0,27.0,27.0,27.0,27.0,27.0,27.1,26.9,27.0,26.9,27.1,26.9,26.9,27.0,26.9,27.0,27.0,26.8,26.9,26.9,26.9,27.0,27.0,27.1,27.0,27.0,27.0,27.1,27.1,27.1,27.0,27.2,27.0,27.0,27.1,27.1,26.9,27.0,27.0,26.8,27.0,26.9,26.9,26.8,26.9,27.0,27.0,26.9,27.0,26.9,26.9,27.0,27.0,26.8,27.0,27.1,27.0,26.9,27.0,26.9,27.0,26.8,26.8,26.9,26.8,26.8,26.8,26.8,26.8,26.7,26.6,26.8,26.9,27.0,26.9,26.9,27.0,27.1,26.9
222,26.6,26.6,26.7,26.8,26.8,26.8,27.0,27.0,27.2,27.3,27.2,27.3,27.3,27.5,27.4,27.5,27.5,27.7,27.6,27.6,27.6,27.5,27.5,27.5,27.5,27.5,27.3,27.5,27.4,27.4,27.4,27.5,27.3,27.2,27.2,27.4,27.2,27.4,27.3,27.2,27.2,27.3,27.2,27.2,27.3,27.4,27.3,27.5,27.3,27.4,27.2,27.2,27.3,27.4,27.3,27.2,27.3,27.2,27.1,27.2,27.1,27.4,27.2,27.4,27.4,27.3,27.5,27.5,27.6,27.4,27.6,27.3,27.3,27.3,27.5,27.5,27.5,27.1,27.2,27.4,27.5,27.4,27.1,27.2,27.3,27.6,27.5,27.5,27.6,27.7,27.7,27.7,27.7,27.5,27.6,27.5,27.7,27.6,27.6,27.5,27.5,27.7,27.5,27.2,27.2,27.2,27.1,27.2,27.0,27.2,27.0,27.1,26.9,26.9,26.9,27.0,27.0,27.0,27.0,27.0,27.0,26.8,26.8,27.0,27.0,26.9,26.9,27.1,27.1,27.1,27.0,26.9,27.0,27.0,27.1,27.0,26.8,27.0,27.0,27.0,26.9,27.0,27.0,27.1,27.2,27.0,27.0,27.0,27.0,27.0,27.0,26.8,26.9,26.9,27.0,27.0,27.0,27.0,27.1,26.9,27.0,26.9,27.0,26.8,27.0,27.0,26.8,27.0,26.9,26.9,26.9,26.7,26.9,27.0,26.9,26.9,26.9,26.8,27.0,26.8,26.7,26.7,26.9,26.8,26.8,27.0,26.8,26.8,27.0,26.9,26.9,26.8
223,26.6,26.6,26.6,26.7,26.8,26.8,26.8,27.0,27.2,27.4,27.3,27.3,27.5,27.4,27.3,27.3,27.3,27.7,27.6,27.5,27.5,27.4,27.3,27.4,27.5,27.6,27.2,27.4,27.4,27.4,27.4,27.5,27.4,27.4,27.4,27.2,27.4,27.3,27.3,27.4,27.3,27.4,27.2,27.3,27.5,27.3,27.2,27.4,27.3,27.4,27.4,27.3,27.3,27.3,27.2,27.4,27.3,27.4,27.2,27.4,27.2,27.3,27.2,27.2,27.3,27.3,27.3,27.5,27.7,27.5,27.5,27.4,27.3,27.5,27.5,27.5,27.4,27.1,27.3,27.3,27.4,27.2,27.2,26.9,27.1,27.4,27.6,27.6,27.5,27.5,27.6,27.8,27.6,27.8,27.7,27.7,27.4,27.5,27.6,27.6,27.5,27.3,27.2,27.3,27.1,27.0,27.0,27.1,27.1,27.0,27.2,27.0,27.0,27.0,27.0,27.0,27.1,27.0,26.9,27.1,26.8,27.2,26.9,27.1,27.0,27.1,27.0,27.0,27.0,27.1,27.0,26.8,27.1,27.0,27.0,27.0,27.0,26.9,27.2,27.0,27.0,27.0,27.1,27.0,27.2,27.1,27.0,27.0,27.0,27.1,26.9,27.0,26.9,26.8,26.8,26.7,27.0,26.9,26.9,26.9,26.8,26.9,26.9,26.8,26.8,26.9,27.0,26.9,26.8,27.0,26.9,26.8,26.8,26.8,26.8,26.9,26.8,26.9,26.9,26.8,26.9,26.8,26.6,26.9,26.9,26.8,26.8,26.8,26.7,26.9,26.8,26.9
224,26.5,26.4,26.5,26.6,26.6,26.7,26.8,26.9,26.9,27.0,27.3,27.4,27.3,27.5,27.5,27.5,27.5,27.5,27.3,27.6,27.4,27.4,27.5,27.3,27.4,27.2,27.3,27.5,27.4,27.5,27.5,27.5,27.3,27.4,27.3,27.1,27.3,27.3,27.5,27.3,27.2,27.4,27.3,27.2,27.4,27.4,27.3,27.4,27.2,27.3,27.3,27.4,27.4,27.3,27.2,27.3,27.2,27.2,27.2,27.2,27.3,27.2,27.2,27.3,27.3,27.2,27.3,27.5,27.5,27.6,27.5,27.5,27.5,27.5,27.5,27.4,27.5,27.2,27.2,27.4,27.5,27.3,27.3,27.1,27.2,27.5,27.7,27.6,27.6,27.7,27.5,27.5,27.6,27.5,27.7,27.5,27.4,27.5,27.5,27.4,27.5,27.4,27.4,27.3,27.2,27.3,27.1,27.1,27.2,27.1,27.1,27.1,27.0,27.0,27.2,27.1,27.1,27.0,27.0,27.0,26.9,27.0,27.0,27.1,27.2,27.0,27.0,27.1,26.8,27.1,26.9,27.1,27.0,27.1,27.1,27.0,27.1,27.2,27.0,27.0,27.2,27.1,26.9,27.0,27.1,27.0,26.9,27.1,27.1,27.0,27.1,27.0,27.0,27.1,27.0,26.8,27.0,27.0,26.9,27.1,27.0,27.1,26.9,27.0,26.8,26.9,27.0,27.0,26.9,27.0,27.0,26.8,27.0,27.0,27.0,26.9,27.0,26.9,26.9,27.0,26.9,27.0,26.9,26.8,26.8,26.8,26.8,27.0,26.8,26.8,27.0,26.8
225,26.6,26.4,26.8,26.6,26.6,26.7,26.8,26.8,26.9,27.1,27.1,27.2,27.4,27.6,27.6,27.4,27.5,27.5,27.5,27.3,27.6,27.5,27.4,27.5,27.4,27.3,27.4,27.4,27.5,27.5,27.4,27.6,27.3,27.5,27.4,27.3,27.4,27.4,27.5,27.5,27.3,27.3,27.4,27.3,27.4,27.5,27.4,27.5,27.4,27.3,27.4,27.4,27.5,27.2,27.4,27.2,27.3,27.4,27.4,27.2,27.4,27.2,27.2,27.2,27.2,27.4,27.5,27.6,27.7,27.6,27.5,27.6,27.5,27.5,27.5,27.5,27.3,27.1,27.1,27.2,27.2,27.4,27.4,27.2,27.2,27.5,27.5,27.6,27.8,27.6,27.5,27.6,27.6,27.5,27.6,27.5,27.4,27.5,27.4,27.5,27.3,27.3,27.2,27.1,27.2,27.1,27.2,27.1,27.2,27.0,26.9,27.1,26.9,27.2,27.3,27.2,27.1,27.0,27.1,27.1,27.0,27.2,27.1,27.2,27.1,27.1,26.9,27.1,27.0,27.0,27.0,26.9,27.2,27.0,27.0,27.1,27.1,27.0,27.0,27.1,27.0,27.1,26.9,27.0,27.0,27.1,27.0,27.2,27.1,26.9,27.0,27.0,26.9,27.1,27.0,26.9,27.0,27.0,26.9,27.1,27.1,27.1,27.0,27.0,27.1,27.0,26.9,26.8,27.0,27.1,27.0,26.9,26.9,26.9,26.9,26.8,26.9,26.9,27.0,26.9,27.0,27.0,26.9,27.0,26.9,26.6,26.8,26.8,26.7,27.0,26.8,26.9
226,26.6,26.6,26.6,26.4,26.6,26.7,26.7,26.6,26.8,26.8,27.0,27.2,27.3,27.6,27.4,27.3,27.4,27.5,27.6,27.5,27.5,27.4,27.5,27.5,27.4,27.6,27.5,27.5,27.4,27.4,27.5,27.5,27.5,27.4,27.4,27.2,27.4,27.5,27.3,27.4,27.4,27.4,27.3,27.2,27.4,27.4,27.3,27.3,27.3,27.4,27.3,27.5,27.5,27.4,27.2,27.5,27.4,27.3,27.2,27.4,27.2,27.4,27.2,27.2,27.4,27.4,27.4,27.5,27.7,27.7,27.7,27.6,27.4,27.5,27.6,27.5,27.4,27.0,27.1,27.2,27.1,27.2,27.2,27.4,27.2,27.4,27.5,27.5,27.5,27.7,27.7,27.6,27.6,27.4,27.7,27.6,27.5,27.3,27.5,27.3,27.2,27.5,27.2,27.4,27.1,27.2,27.1,27.0,27.0,27.1,27.2,27.0,27.2,27.3,27.0,27.2,27.2,27.1,27.1,27.0,27.0,27.2,27.0,27.0,27.1,27.1,27.0,27.0,27.0,27.2,27.1,27.1,27.0,27.1,27.0,27.0,27.1,27.1,27.2,27.2,27.0,27.1,27.2,27.2,27.1,27.0,27.0,27.3,27.1,27.0,27.0,26.9,27.1,27.0,27.1,26.9,26.9,27.0,26.9,27.0,26.8,27.0,27.0,26.9,26.9,26.9,26.9,26.8,26.9,27.0,27.1,27.0,27.0,27.0,27.1,27.0,27.0,27.0,27.0,27.0,26.8,27.0,26.9,26.9,26.8,26.8,26.8,26.8,26.8,26.7,26.9,26.8
227,26.4,26.6,26.6,26.6,26.4,26.4,26.6,26.8,26.7,26.8,26.9,27.0,27.2,27.3,27.5,27.5,27.3,27.4,27.3,27.5,27.6,27.4,27.5,27.3,27.4,27.6,27.6,27.4,27.6,27.6,27.5,27.4,27.5,27.4,27.4,27.5,27.3,27.4,27.4,27.4,27.3,27.4,27.4,27.4,27.2,27.5,27.4,27.3,27.2,27.5,27.4,27.5,27.3,27.2,27.4,27.4,27.4,27.4,27.4,27.2,27.4,27.3,27.3,27.3,27.2,27.4,27.5,27.5,27.7,27.6,27.6,27.5,27.7,27.6,27.5,27.6,27.4,27.2,27.1,27.0,27.1,27.1,27.4,27.4,27.3,27.2,27.5,27.6,27.5,27.5,27.7,27.6,27.7,27.6,27.5,27.5,27.4,27.1,27.3,27.2,27.2,27.1,27.2,27.1,27.1,27.0,27.0,27.0,27.1,27.2,27.0,27.2,27.2,27.1,27.1,27.1,27.0,27.1,27.1,27.0,27.0,27.1,27.1,27.1,27.1,27.2,27.2,27.0,27.1,27.1,27.1,27.1,27.0,27.1,27.2,27.3,27.0,27.2,27.1,27.1,27.1,27.1,27.0,27.1,27.0,26.9,26.9,27.2,27.0,27.1,27.2,26.9,27.0,27.1,26.9,26.9,26.8,27.1,27.1,26.9,26.8,27.1,26.8,27.0,27.0,26.8,27.0,27.0,26.8,26.9,27.1,26.8,26.9,26.9,27.0,26.8,26.9,26.9,26.9,26.8,27.0,26.8,27.0,26.9,26.7,26.8,26.7,26.8,26.8,26.8,26.8,26.7
228,26.5,26.7,26.5,26.6,26.6,26.5,26.6,26.6,26.6,26.6,26.7,26.7,26.9,27.2,27.2,27.3,27.5,27.5,27.4,27.5,27.6,27.5,27.4,27.4,27.5,27.5,27.3,27.5,27.4,27.4,27.4,27.4,27.4,27.4,27.8,27.4,27.4,27.4,27.4,27.4,27.3,27.3,27.3,27.3,27.3,27.4,27.3,27.4,27.2,27.5,27.5,27.4,27.5,27.4,27.4,27.4,27.2,27.2,27.4,27.4,27.4,27.4,27.3,27.3,27.3,27.3,27.3,27.5,27.6,27.5,27.7,27.6,27.5,27.4,27.6,27.4,27.2,27.2,27.1,27.1,27.2,27.2,27.3,27.4,27.5,27.5,27.6,27.6,27.5,27.6,27.6,27.6,27.6,27.5,27.6,27.5,27.4,27.1,27.1,27.1,27.2,27.2,27.0,27.0,27.0,27.2,27.0,27.1,27.2,27.2,27.3,27.1,27.2,27.1,27.0,27.2,27.2,27.3,27.2,27.1,27.1,27.2,27.2,27.1,27.0,27.0,27.0,27.1,27.0,27.2,26.8,27.0,27.1,27.1,26.9,27.0,27.1,27.1,27.0,27.2,27.0,27.1,26.9,26.9,27.1,27.2,27.0,27.0,27.0,27.0,26.9,27.0,26.9,26.9,27.0,26.9,26.9,27.1,26.9,27.1,26.9,27.0,26.8,27.0,26.8,26.9,26.8,27.1,26.9,27.0,27.0,27.0,27.0,27.0,26.9,26.9,26.8,26.8,26.8,27.0,26.9,27.0,26.9,26.9,26.8,27.0,26.7,26.8,26.8,26.8,26.7,26.8
229,26.6,26.5,26.7,26.6,26.6,26.7,26.6,26.5,26.6,26.7,26.7,26.7,26.8,27.0,27.1,27.2,27.5,27.5,27.4,27.4,27.5,27.5,27.5,27.5,27.5,27.3,27.7,27.4,27.4,27.5,27.5,27.5,27.4,27.4,27.4,27.5,27.4,27.5,27.4,27.3,27.3,27.5,27.4,27.4,27.3,27.5,27.5,27.5,27.3,27.4,27.4,27.2,27.3,27.3,27.3,27.2,27.2,27.6,27.2,27.2,27.3,27.3,27.5,27.2,27.3,27.5,27.3,27.5,27.5,27.5,27.8,27.6,27.5,27.4,27.2,27.4,27.3,27.2,27.2,27.2,27.2,27.1,27.5,27.5,27.7,27.7,27.6,27.5,27.6,27.6,27.6,27.7,27.5,27.6,27.5,27.4,27.3,27.2,27.2,27.1,27.1,27.4,27.2,27.0,27.1,27.2,26.8,27.3,27.4,27.2,27.3,27.3,27.0,26.9,27.0,27.0,27.2,27.0,27.0,27.1,27.2,27.1,27.1,27.2,27.0,27.1,27.1,27.0,27.2,27.2,27.2,27.1,27.1,27.1,27.0,27.0,27.0,27.3,27.0,27.2,27.1,27.1,27.1,27.2,27.0,27.0,27.0,27.1,27.1,26.9,27.2,27.0,27.0,27.2,27.0,26.9,26.9,26.9,27.0,26.9,27.2,26.9,26.9,26.9,27.0,26.9,26.8,26.8,26.9,26.8,26.9,27.0,27.0,26.9,27.0,26.8,26.9,27.0,27.0,26.8,26.9,26.8,27.0,27.0,26.8,26.9,26.8,26.8,26.8,26.6,26.8,26.6
230,26.8,26.6,26.6,26.7,26.6,26.6,26.6,26.5,26.5,26.6,26.6,26.8,26.7,26.8,27.0,27.1,27.4,27.4,27.4,27.6,27.5,27.6,27.4,27.5,27.4,27.6,27.6,27.3,27.4,27.5,27.6,27.4,27.4,27.5,27.4,27.5,27.5,27.6,27.4,27.4,27.5,27.4,27.2,27.4,27.4,27.6,27.4,27.4,27.3,27.5,27.2,27.5,27.4,27.4,27.2,27.4,27.3,27.4,27.5,27.5,27.3,27.2,27.4,27.4,27.3,27.3,27.4,27.5,27.4,27.4,27.5,27.5,27.5,27.1,27.2,27.2,27.2,27.2,27.2,27.2,27.2,27.0,27.5,27.6,27.5,27.6,27.7,27.6,27.7,27.7,27.6,27.4,27.6,27.4,27.5,27.2,27.3,27.1,27.1,27.2,27.2,27.2,27.1,27.0,26.8,27.2,27.1,27.3,27.3,27.2,27.1,27.1,27.0,27.0,27.1,27.0,27.2,27.1,26.9,27.2,27.1,27.1,27.1,27.2,27.0,27.2,27.1,27.1,27.0,27.1,27.1,27.0,27.0,27.1,27.0,27.0,27.0,27.2,27.0,27.0,27.3,27.0,27.0,27.1,27.1,27.2,27.0,27.0,27.0,26.9,27.0,26.9,27.1,27.0,27.0,26.9,27.0,27.0,27.0,26.9,26.9,27.0,26.9,27.0,26.9,26.9,27.0,27.0,26.8,26.9,26.9,26.8,26.9,26.8,27.0,26.8,27.0,26.9,26.9,26.9,26.9,27.0,27.0,26.8,26.9,27.1,26.7,26.7,26.7,26.7,26.8,26.8
231,26.4,26.6,26.3,26.4,26.6,26.6,26.4,26.6,26.4,26.3,26.6,26.6,26.9,26.8,26.8,26.9,27.2,27.3,27.4,27.5,27.4,27.4,27.3,27.4,27.5,27.4,27.6,27.4,27.5,27.5,27.3,27.4,27.5,27.3,27.5,27.4,27.4,27.5,27.4,27.5,27.4,27.3,27.4,27.4,27.6,27.5,27.3,27.3,27.5,27.3,27.4,27.4,27.3,27.4,27.3,27.3,27.2,27.3,27.4,27.4,27.3,27.4,27.4,27.5,27.2,27.3,27.2,27.2,27.4,27.4,27.6,27.3,27.2,27.0,26.8,27.0,27.2,27.0,27.1,27.2,27.3,27.2,27.6,27.4,27.7,27.5,27.6,27.5,27.6,27.6,27.6,27.6,27.5,27.4,27.3,27.1,27.1,27.0,27.2,26.9,27.0,27.1,27.1,27.3,27.1,27.2,27.1,27.2,27.3,27.1,27.2,27.0,27.0,27.0,27.1,27.2,27.1,27.2,27.0,27.2,27.0,27.0,27.0,27.1,27.1,27.1,27.0,27.1,27.0,27.1,27.0,27.1,27.1,27.2,27.1,27.0,27.0,27.1,27.0,27.1,27.0,27.1,27.0,27.1,27.2,27.1,27.1,27.2,27.0,27.1,27.0,27.1,27.1,26.9,27.1,26.9,27.0,27.0,26.9,26.8,26.9,27.0,27.0,26.8,26.9,26.9,26.9,26.9,27.0,27.0,27.0,26.9,26.9,26.9,26.7,27.0,27.0,26.8,27.0,26.9,26.8,26.9,26.9,26.7,26.8,26.9,26.8,26.8,26.6,26.5,26.8,26.6
232,26.6,26.4,26.4,26.7,26.6,26.5,26.6,26.4,26.8,26.6,26.6,26.6,26.6,26.6,26.7,26.8,27.1,27.2,27.2,27.5,27.3,27.3,27.5,27.4,27.5,27.6,27.5,27.6,27.4,27.5,27.5,27.5,27.4,27.6,27.5,27.5,27.5,27.4,27.4,27.5,27.3,27.5,27.3,27.5,27.4,27.4,27.4,27.5,27.3,27.2,27.4,27.5,27.4,27.4,27.4,27.4,27.3,27.5,27.3,27.6,27.2,27.5,27.2,27.3,27.2,27.4,27.4,27.3,27.5,27.5,27.4,27.3,27.0,27.0,26.8,26.9,26.9,26.9,27.2,27.3,27.4,27.5,27.6,27.4,27.5,27.5,27.6,27.5,27.7,27.6,27.5,27.5,27.4,27.2,27.3,27.0,27.2,27.0,27.1,27.0,27.0,27.1,27.0,27.1,27.2,27.1,27.2,27.2,27.1,27.2,27.2,27.1,27.1,27.1,27.1,27.3,27.1,27.3,27.2,27.1,27.0,27.1,27.1,27.2,27.1,27.0,27.0,27.1,27.0,27.0,27.0,27.0,27.2,27.2,27.0,27.0,27.1,27.0,27.1,27.1,27.1,27.1,27.0,27.1,27.1,27.0,27.0,27.2,27.2,27.0,26.9,27.0,27.0,27.0,27.0,27.0,27.0,27.0,26.9,26.9,26.8,27.0,26.8,26.8,26.9,27.0,26.8,26.8,26.9,26.8,26.9,26.8,27.0,27.0,27.0,26.8,26.8,26.8,26.9,26.7,26.9,26.9,26.9,26.8,26.9,26.9,26.8,26.9,26.7,26.9,26.7,26.7
233,26.4,26.4,26.6,26.5,26.5,26.4,26.4,26.3,26.6,26.6,26.4,26.5,26.5,26.6,26.6,26.8,26.9,27.0,27.2,27.3,27.5,27.4,27.5,27.2,27.4,27.6,27.4,27.5,27.5,27.5,27.5,27.5,27.4,27.5,27.5,27.5,27.5,27.4,27.5,27.5,27.5,27.3,27.5,27.2,27.3,27.4,27.5,27.3,27.4,27.3,27.3,27.4,27.5,27.4,27.3,27.2,27.3,27.2,27.4,27.2,27.4,27.5,27.4,27.5,27.3,27.2,27.2,27.4,27.3,27.4,27.3,27.2,27.0,26.8,26.8,26.8,26.8,26.8,27.1,27.3,27.4,27.4,27.6,27.4,27.4,27.5,27.6,27.4,27.7,27.5,27.6,27.2,27.3,27.1,27.4,27.2,27.2,27.1,27.1,27.0,27.1,27.2,27.1,27.2,27.2,27.2,27.1,27.2,27.1,27.1,27.1,27.1,27.1,27.2,27.1,27.1,27.1,27.2,27.2,27.0,27.2,27.0,27.0,27.1,27.0,27.2,26.9,27.1,27.2,27.1,27.2,27.1,27.0,27.1,27.0,27.1,27.2,27.3,27.0,27.2,27.2,27.1,27.1,27.0,27.3,27.2,27.0,27.1,27.1,26.9,27.1,27.2,26.8,27.2,27.0,27.0,27.0,26.9,26.9,27.0,27.0,26.9,26.9,26.9,26.8,27.0,26.9,26.8,26.9,26.9,26.8,27.0,26.9,26.9,26.9,26.8,26.8,27.0,26.9,26.9,26.9,26.9,27.0,26.7,26.8,27.0,26.9,26.8,26.8,26.8,26.8,26.8
234,26.6,26.7,26.4,26.6,26.5,26.6,26.6,26.7,26.6,26.7,26.6,26.6,26.5,26.7,26.6,26.5,26.7,26.8,26.9,27.0,27.3,27.3,27.5,27.4,27.5,27.4,27.5,27.5,27.4,27.6,27.5,27.3,27.4,27.5,27.6,27.5,27.5,27.5,27.5,27.6,27.4,27.5,27.5,27.3,27.5,27.5,27.4,27.4,27.5,27.4,27.2,27.5,27.3,27.4,27.4,27.3,27.4,27.3,27.3,27.5,27.3,27.3,27.5,27.5,27.5,27.4,27.3,27.4,27.4,27.4,27.4,27.2,26.8,26.6,26.7,26.8,26.6,26.9,27.2,27.4,27.4,27.3,27.4,27.5,27.4,27.5,27.5,27.4,27.3,27.5,27.4,27.3,27.2,27.2,27.3,27.0,27.1,27.2,27.1,27.1,27.1,27.1,27.0,27.1,27.1,27.0,27.1,27.1,27.3,27.1,27.2,27.2,27.0,27.0,27.2,27.3,27.1,27.1,27.1,27.1,27.2,27.1,27.2,27.1,27.0,27.0,27.1,27.0,27.2,27.1,27.0,27.2,27.2,27.1,27.1,27.2,27.2,27.2,27.2,27.2,27.0,27.1,27.0,27.2,27.1,27.1,27.0,27.2,27.2,27.1,27.0,27.1,27.0,27.0,27.1,27.0,27.0,27.0,26.9,27.0,27.0,27.0,26.9,26.8,26.9,26.8,26.8,26.9,26.9,27.0,26.9,26.8,26.8,26.8,27.0,26.9,27.0,26.8,27.0,26.8,26.8,27.0,26.8,26.9,26.8,27.0,26.9,26.9,26.9,26.7,26.8,26.8
235,26.4,26.6,26.6,26.5,26.8,26.6,26.4,26.6,26.6,26.6,26.5,26.6,26.7,26.6,26.6,26.6,26.8,26.7,26.9,27.1,27.0,27.2,27.2,27.5,27.5,27.4,27.5,27.5,27.5,27.3,27.7,27.6,27.6,27.4,27.5,27.5,27.3,27.6,27.6,27.4,27.5,27.5,27.3,27.6,27.3,27.3,27.5,27.6,27.6,27.5,27.3,27.5,27.4,27.4,27.4,27.5,27.4,27.3,27.4,27.3,27.4,27.4,27.3,27.5,27.3,27.5,27.5,27.4,27.3,27.3,27.2,27.1,26.8,26.6,26.8,26.8,26.5,26.9,27.3,27.3,27.3,27.2,27.2,27.3,27.5,27.2,27.2,27.3,27.1,27.2,27.3,27.3,27.4,27.2,27.3,27.2,27.2,27.0,27.1,27.1,27.1,27.2,27.0,27.1,27.2,27.0,27.1,27.1,27.2,27.1,27.2,27.2,27.3,27.2,27.3,27.1,27.3,27.0,27.2,27.2,27.0,27.1,27.1,27.1,27.0,27.0,27.1,27.1,27.1,27.1,27.1,27.1,27.0,27.0,27.3,27.0,27.1,27.1,27.1,27.0,27.2,27.1,27.2,27.1,27.1,27.1,27.2,27.2,27.3,27.1,27.2,27.0,27.0,27.1,27.1,27.1,27.1,27.0,27.0,26.9,27.1,27.0,27.0,26.8,26.8,27.0,26.8,27.0,27.0,26.8,27.0,27.0,27.0,26.9,27.0,27.0,26.8,27.1,26.8,27.0,26.8,26.7,27.0,27.0,26.8,27.0,27.0,26.8,26.8,26.9,26.9,26.8
236,26.6,26.6,26.6,26.6,26.4,26.7,26.7,26.6,26.6,26.4,26.6,26.6,26.6,26.6,26.7,26.6,26.8,26.7,26.7,26.8,26.9,27.0,27.0,27.2,27.4,27.5,27.5,27.3,27.5,27.5,27.5,27.5,27.6,27.5,27.5,27.5,27.5,27.5,27.6,27.3,27.5,27.5,27.5,27.5,27.5,27.5,27.5,27.5,27.4,27.4,27.4,27.5,27.4,27.5,27.5,27.5,27.5,27.5,27.4,27.4,27.5,27.5,27.4,27.4,27.5,27.4,27.4,27.5,27.5,27.3,27.5,27.1,26.9,26.8,26.9,26.8,26.6,26.8,27.2,27.0,27.1,27.3,27.2,27.2,27.1,27.3,27.3,27.2,27.0,27.1,27.1,27.2,27.2,27.2,27.1,27.3,27.3,27.4,27.2,27.2,27.1,27.3,27.1,27.0,27.3,27.1,27.1,27.3,27.2,27.2,27.2,27.2,27.2,27.2,27.3,27.2,27.3,27.2,27.2,27.0,27.2,27.2,27.2,27.1,27.1,27.1,27.2,27.1,27.3,27.3,27.2,27.2,27.2,27.2,27.0,27.2,27.1,27.1,27.1,27.2,27.2,27.2,27.2,27.2,27.2,27.4,27.2,27.1,27.3,27.1,27.2,27.2,27.0,27.0,27.0,27.0,27.0,27.0,27.0,27.0,27.0,27.2,27.0,27.0,26.9,27.0,27.0,26.9,27.0,26.9,27.0,27.0,27.0,27.1,27.0,26.9,26.8,26.8,27.1,26.9,26.9,26.8,27.1,27.1,27.0,27.0,26.9,27.0,26.9,26.9,27.0,26.9
237,26.6,26.5,26.6,26.5,26.5,26.5,26.5,26.5,26.6,26.6,26.6,26.4,26.5,26.5,26.7,26.6,26.6,26.6,26.8,26.8,26.9,26.9,26.9,27.0,27.1,27.2,27.4,27.6,27.6,27.5,27.5,27.5,27.4,27.6,27.5,27.4,27.5,27.5,27.5,27.5,27.4,27.7,27.5,27.5,27.6,27.4,27.3,27.5,27.4,27.5,27.4,27.4,27.4,27.3,27.5,27.5,27.4,27.5,27.3,27.3,27.4,27.7,27.5,27.4,27.5,27.5,27.4,27.4,27.3,27.3,27.4,27.1,27.0,26.7,26.8,26.8,26.6,26.7,27.0,27.2,27.1,27.1,27.0,27.1,27.2,27.1,27.2,27.0,27.1,27.2,27.0,27.2,27.5,27.2,27.3,27.2,27.1,27.1,27.2,27.2,27.2,27.2,27.0,27.2,27.2,27.1,27.0,27.2,27.3,27.4,27.2,27.3,27.3,27.2,27.2,27.1,27.2,27.3,27.2,27.1,27.3,27.2,27.0,27.2,27.1,27.2,27.2,27.1,27.2,27.2,27.0,27.3,27.2,27.1,27.2,27.1,27.2,27.1,27.2,27.1,27.1,27.1,27.2,27.2,27.3,27.2,27.4,27.2,27.0,27.1,27.1,27.3,27.1,27.1,27.2,27.0,27.2,27.0,26.8,27.0,26.9,27.2,26.9,26.8,26.9,27.1,26.9,27.1,27.0,27.1,26.9,27.1,26.9,27.0,27.1,27.1,26.9,27.0,26.9,26.8,26.9,27.0,26.9,26.9,26.8,26.9,26.9,26.8,26.9,26.9,27.0,26.8
238,26.5,26.4,26.6,26.6,26.6,26.3,26.6,26.6,26.6,26.7,26.7,26.6,26.5,26.6,26.4,26.4,26.6,26.8,26.6,26.5,26.7,26.6,26.8,26.9,27.0,27.1,27.2,27.4,27.6,27.6,27.5,27.6,27.5,27.4,27.6,27.5,27.6,27.5,27.5,27.4,27.4,27.4,27.5,27.5,27.4,27.5,27.4,27.6,27.4,27.5,27.5,27.5,27.5,27.6,27.5,27.5,27.3,27.3,27.5,27.6,27.3,27.7,27.6,27.5,27.6,27.5,27.6,27.5,27.4,27.3,27.2,27.1,26.8,26.6,26.6,26.8,26.6,26.6,26.9,26.8,26.9,27.0,27.0,26.9,27.1,27.1,27.1,26.9,27.0,26.9,27.1,27.3,27.3,27.4,27.2,27.3,27.4,27.2,27.1,27.2,27.1,27.0,27.1,27.2,27.3,27.1,26.9,27.2,27.2,27.2,27.3,27.3,27.3,27.2,27.2,27.1,27.2,27.2,27.2,27.2,27.2,27.3,27.2,27.2,27.1,27.2,27.1,27.2,27.2,27.2,27.2,27.2,27.2,27.2,27.1,27.4,27.0,27.1,27.2,27.2,27.2,27.3,27.0,27.1,27.2,27.1,27.2,27.1,27.1,27.2,27.0,27.1,27.0,27.1,27.2,27.0,27.1,27.0,26.9,27.0,26.9,27.0,27.0,26.9,26.9,27.0,26.9,27.0,27.0,27.0,27.1,27.0,26.9,27.0,27.2,27.0,27.0,27.0,26.8,27.0,27.1,26.9,26.9,26.8,26.9,26.9,26.7,26.7,26.7,27.0,26.8,26.8
239,26.7,26.5,26.6,26.5,26.6,26.4,26.5,26.6,26.5,26.4,26.5,26.4,26.4,26.5,26.6,26.6,26.5,26.7,26.6,26.6,26.7,26.6,26.7,26.7,26.9,27.0,27.1,27.1,27.4,27.5,27.6,27.5,27.6,27.5,27.5,27.6,27.4,27.6,27.4,27.5,27.5,27.5,27.4,27.6,27.4,27.5,27.5,27.5,27.4,27.5,27.5,27.6,27.4,27.5,27.5,27.5,27.5,27.4,27.3,27.5,27.4,27.5,27.5,27.5,27.4,27.5,27.5,27.4,27.3,27.2,27.2,27.1,26.9,26.6,26.7,26.7,26.7,26.6,26.8,26.9,27.0,26.9,27.0,26.9,27.0,26.9,27.1,27.0,27.0,27.0,26.8,27.2,27.4,27.3,27.4,27.4,27.3,27.1,27.2,27.2,27.4,27.2,27.1,27.3,27.2,27.2,27.1,27.2,27.3,27.2,27.2,27.2,27.2,27.2,27.3,27.2,27.2,27.2,27.2,27.2,27.1,27.2,27.0,27.1,27.1,27.1,27.2,27.1,27.2,27.3,27.2,27.1,27.2,27.0,27.2,27.2,27.1,27.1,27.1,27.0,27.1,27.3,27.2,27.2,27.2,27.2,27.1,27.1,27.2,27.2,27.0,27.0,27.1,27.0,27.1,27.1,27.1,27.1,27.1,27.1,27.0,27.2,27.0,27.1,26.9,26.9,26.8,26.9,27.0,26.9,27.1,27.0,26.9,27.0,27.2,27.0,27.0,26.9,26.9,27.1,27.0,27.0,26.9,26.9,26.9,27.0,26.9,27.0,26.7,26.8,26.9,26.8
240,26.6,26.3,26.8,26.5,26.6,26.7,26.7,26.5,26.6,26.6,26.8,26.6,26.5,26.6,26.5,26.5,26.6,26.8,26.7,26.7,26.8,26.5,26.7,26.8,26.6,27.0,26.8,27.1,27.2,27.3,27.3,27.5,27.5,27.5,27.5,27.4,27.5,27.7,27.5,27.6,27.5,27.5,27.5,27.7,27.6,27.5,27.5,27.5,27.6,27.5,27.4,27.6,27.5,27.5,27.8,27.5,27.5,27.4,27.5,27.3,27.3,27.4,27.4,27.4,27.3,27.3,27.3,27.3,27.4,27.2,27.2,27.2,27.0,26.5,26.7,27.0,26.7,26.7,26.7,26.8,26.7,27.0,27.0,26.7,27.0,26.8,27.1,26.9,26.8,26.8,26.9,27.1,27.3,27.3,27.4,27.2,27.2,27.4,27.2,27.2,27.4,27.4,27.2,27.2,27.2,27.2,27.0,27.2,27.1,27.3,27.2,27.2,27.2,27.3,27.2,27.1,27.2,27.3,27.3,27.2,27.3,27.3,27.2,27.3,27.1,27.2,27.2,27.2,27.3,27.1,27.2,27.2,27.3,27.2,27.2,27.2,27.3,27.2,27.2,27.2,27.0,27.1,27.3,27.3,27.3,27.2,27.2,27.2,27.2,27.2,27.0,27.2,27.1,27.3,27.1,27.0,27.2,27.0,26.9,26.9,27.1,27.0,27.1,26.9,27.1,26.8,26.9,27.0,26.9,26.9,26.9,26.9,27.0,26.9,26.9,27.0,27.1,27.0,27.0,27.0,26.9,26.8,26.9,26.9,26.9,26.9,26.8,26.8,26.9,26.6,26.6,26.9
241,26.5,26.4,26.5,26.5,26.6,26.7,26.4,26.6,26.7,26.7,26.6,26.4,26.7,26.5,26.6,26.6,26.4,26.6,26.7,26.7,26.8,26.7,26.6,26.7,26.8,26.8,26.9,26.9,27.0,27.2,27.2,27.4,27.4,27.5,27.5,27.5,27.5,27.5,27.5,27.7,27.5,27.5,27.5,27.6,27.5,27.5,27.4,27.5,27.5,27.5,27.5,27.4,27.7,27.4,27.7,27.5,27.5,27.5,27.6,27.5,27.4,27.5,27.6,27.6,27.5,27.6,27.7,27.4,27.2,27.2,27.1,27.0,26.8,26.6,26.6,26.8,26.8,26.8,26.8,26.7,26.7,26.8,26.8,26.8,26.8,27.0,26.9,26.8,26.8,26.9,26.8,27.1,27.2,27.2,27.4,27.3,27.4,27.2,27.2,27.4,27.4,27.3,27.2,27.1,27.3,27.1,27.3,27.1,27.2,27.2,27.2,27.2,27.0,27.3,27.2,27.2,27.2,27.3,27.1,27.0,27.1,27.0,27.1,27.3,27.2,27.0,27.2,27.0,27.0,27.1,27.1,27.1,27.1,27.2,27.2,27.2,27.1,27.2,27.1,27.2,27.2,27.2,27.1,27.1,27.2,27.3,27.2,27.0,27.1,27.2,27.1,27.2,27.2,27.1,27.1,27.0,27.2,26.8,27.0,26.9,27.0,27.0,26.9,26.9,27.0,27.0,26.8,27.1,27.0,27.0,27.0,27.0,27.0,27.0,27.0,26.9,27.0,27.0,27.0,27.1,26.8,26.8,27.0,26.8,26.7,26.8,26.9,27.0,26.9,26.8,26.8,26.9
242,26.6,26.6,26.5,26.5,26.4,26.6,26.7,26.5,26.3,26.7,26.6,26.5,26.6,26.6,26.5,26.7,26.6,26.7,26.6,26.7,26.6,26.7,26.7,26.8,26.8,26.8,26.7,26.8,27.0,27.0,27.2,27.2,27.2,27.3,27.6,27.5,27.6,27.5,27.6,27.6,27.5,27.7,27.5,27.6,27.6,27.6,27.7,27.7,27.5,27.4,27.5,27.5,27.5,27.5,27.4,27.5,27.5,27.4,27.6,27.7,27.5,27.5,27.5,27.5,27.5,27.5,27.4,27.4,27.2,27.1,27.1,27.1,26.8,26.6,26.6,26.8,26.8,26.7,26.7,26.6,26.6,26.6,26.6,26.9,26.8,27.0,27.0,26.9,26.7,26.7,26.8,27.0,27.3,27.2,27.3,27.2,27.4,27.3,27.4,27.3,27.3,27.4,27.3,27.3,27.2,27.2,27.2,27.2,27.2,27.2,27.2,27.1,27.2,27.1,27.1,27.1,27.3,27.3,27.2,27.2,27.2,27.2,27.2,27.3,27.1,27.0,27.1,27.0,27.0,27.3,27.2,27.2,27.2,27.2,27.2,27.3,27.4,27.1,27.2,27.2,27.2,27.4,27.0,27.2,27.1,27.3,27.1,27.3,27.2,27.2,27.2,27.2,27.0,27.1,27.2,27.1,27.1,27.1,27.2,27.1,26.9,27.0,27.1,27.1,26.9,27.1,26.9,26.9,27.1,27.1,27.0,27.1,27.0,27.0,26.9,27.0,27.0,27.1,27.0,26.8,26.8,27.0,26.8,26.9,27.0,27.0,26.8,27.0,26.9,26.7,26.8,26.9
243,26.3,26.5,26.5,26.6,26.4,26.4,26.6,26.4,26.6,26.3,26.6,26.4,26.5,26.4,26.5,26.6,26.5,26.6,26.4,26.5,26.4,26.6,26.4,26.6,26.6,26.6,26.6,26.6,26.7,26.9,27.2,27.0,27.2,27.2,27.5,27.5,27.5,27.5,27.5,27.7,27.5,27.4,27.5,27.6,27.7,27.6,27.5,27.7,27.7,27.7,27.5,27.7,27.5,27.5,27.4,27.5,27.5,27.5,27.4,27.5,27.7,27.5,27.5,27.5,27.5,27.3,27.3,27.5,27.2,27.2,26.9,26.9,26.7,26.6,26.6,26.6,27.0,26.8,26.7,26.8,26.6,26.6,26.6,26.7,26.9,26.8,27.0,26.9,26.7,26.8,26.9,26.9,27.1,27.3,27.4,27.5,27.3,27.3,27.3,27.4,27.3,27.4,27.4,27.3,27.1,27.2,27.3,27.2,27.2,27.4,27.5,27.1,27.2,27.4,27.2,27.4,27.3,27.4,27.2,27.2,27.2,27.3,27.0,27.1,27.1,27.2,27.2,27.0,27.2,27.3,27.0,27.1,27.2,27.1,27.2,27.3,27.2,27.2,27.2,27.2,27.2,27.2,27.2,27.2,27.2,27.2,27.2,27.1,27.3,27.2,27.1,27.0,27.2,27.2,27.1,27.1,27.2,27.0,27.0,27.0,27.0,27.1,27.1,27.0,26.9,27.0,27.0,27.0,27.0,27.1,27.1,27.2,27.0,27.1,27.1,27.2,27.0,27.0,27.1,27.0,27.0,27.1,27.0,26.9,27.1,27.1,26.9,26.8,26.8,26.8,26.8,26.9
244,26.4,26.7,26.6,26.6,26.3,26.5,26.6,26.5,26.5,26.7,26.6,26.6,26.5,26.6,26.3,26.5,26.7,26.5,26.7,26.6,26.6,26.6,26.7,26.6,26.7,26.8,26.6,26.6,26.8,26.8,26.9,27.1,27.1,27.2,27.4,27.3,27.2,27.4,27.5,27.5,27.5,27.6,27.5,27.6,27.6,27.6,27.6,27.7,27.5,27.6,27.5,27.5,27.6,27.5,27.4,27.6,27.3,27.4,27.4,27.5,27.6,27.5,27.6,27.5,27.4,27.2,27.4,27.5,27.1,27.0,26.9,26.9,26.6,26.4,26.6,26.7,26.9,26.8,26.8,26.6,26.7,26.4,26.7,26.7,26.8,26.8,26.9,27.0,26.9,26.8,26.7,26.8,27.2,27.2,27.4,27.2,27.4,27.4,27.4,27.4,27.4,27.3,27.4,27.3,27.2,27.2,27.4,27.3,27.4,27.3,27.3,27.2,27.4,27.2,27.4,27.2,27.3,27.1,27.2,27.2,27.2,27.3,27.2,27.3,27.2,27.0,27.0,27.1,27.1,27.2,27.1,27.1,27.2,27.2,27.2,27.1,27.3,27.2,27.1,27.2,27.2,27.5,27.3,27.2,27.2,27.4,27.2,27.2,27.0,27.2,27.1,27.1,27.1,27.1,27.0,27.1,27.1,27.0,27.0,26.9,27.1,27.1,26.9,27.1,27.0,27.0,26.9,26.9,27.0,27.2,27.0,27.0,27.2,27.2,27.0,27.1,27.0,26.8,26.9,27.0,27.0,26.9,27.0,27.0,26.9,26.9,26.8,26.8,26.7,27.0,26.9,27.0
245,26.6,26.4,26.6,26.5,26.6,26.6,26.5,26.5,26.6,26.4,26.5,26.6,26.7,26.7,26.6,26.5,26.8,26.6,26.7,26.6,26.6,26.6,26.7,26.7,26.6,26.7,26.6,26.6,26.8,26.7,26.8,26.9,27.0,27.0,27.2,27.1,27.3,27.4,27.3,27.5,27.5,27.5,27.6,27.7,27.7,27.5,27.7,27.6,27.5,27.6,27.7,27.6,27.7,27.6,27.5,27.6,27.6,27.7,27.6,27.7,27.6,27.7,27.6,27.5,27.5,27.5,27.5,27.6,27.3,27.0,26.8,26.8,26.8,26.6,26.6,26.8,26.9,26.8,26.7,26.5,26.5,26.6,26.6,26.6,26.7,27.0,26.9,26.8,26.7,26.6,26.9,26.7,27.0,27.2,27.3,27.5,27.6,27.5,27.2,27.3,27.4,27.4,27.5,27.4,27.4,27.4,27.4,27.5,27.5,27.3,27.3,27.2,27.3,27.4,27.3,27.5,27.4,27.4,27.2,27.2,27.4,27.3,27.1,27.1,27.1,27.1,27.3,27.0,27.1,27.1,27.2,27.3,27.2,27.2,27.3,27.1,27.1,27.2,27.1,27.1,27.4,27.2,27.0,27.1,27.2,27.3,27.0,27.3,27.1,27.3,27.1,27.3,27.0,27.0,27.0,27.2,27.3,27.1,27.1,27.2,27.1,27.1,27.0,26.8,26.9,27.0,27.0,27.2,27.2,27.0,27.0,27.0,27.0,27.1,27.1,27.0,27.0,26.9,27.1,26.8,27.0,27.1,27.0,26.9,27.0,27.0,27.0,27.1,27.0,27.0,27.0,26.9
246,26.6,26.6,26.6,26.4,26.6,26.7,26.8,26.6,26.6,26.7,26.6,26.6,26.8,26.6,26.6,26.6,26.6,26.6,26.6,26.6,26.6,26.7,26.8,26.7,26.6,26.7,26.7,26.7,26.7,26.8,26.8,26.9,26.9,27.0,27.1,27.1,27.2,27.2,27.3,27.3,27.2,27.6,27.5,27.7,27.7,27.8,27.5,27.6,27.6,27.4,27.7,27.5,27.6,27.6,27.5,27.6,27.5,27.6,27.5,27.7,27.7,27.7,27.4,27.6,27.5,27.5,27.6,27.5,27.3,26.9,27.1,26.5,26.6,26.5,26.5,26.9,26.9,26.7,26.5,26.8,26.7,26.6,26.6,26.5,26.6,26.8,26.7,26.8,26.8,26.9,26.7,26.5,27.0,27.2,27.4,27.3,27.4,27.5,27.4,27.3,27.3,27.3,27.4,27.5,27.4,27.4,27.3,27.5,27.5,27.3,27.3,27.3,27.1,27.5,27.2,27.4,27.2,27.2,27.2,27.1,27.2,27.2,27.2,27.2,27.3,27.3,27.2,27.2,27.0,27.2,27.1,27.2,27.2,27.1,27.3,27.3,27.3,27.2,27.2,27.2,27.2,27.2,27.2,27.2,27.3,27.2,27.0,27.3,27.1,27.0,27.2,27.3,27.2,27.1,27.2,27.1,27.2,27.0,27.2,27.2,27.2,27.2,26.9,27.0,27.0,27.0,27.0,27.1,27.0,27.1,26.8,27.1,27.2,27.1,27.1,27.0,27.0,27.0,27.0,27.0,26.8,26.8,26.9,26.8,26.8,27.0,26.9,27.0,27.0,27.0,26.9,27.2
247,26.5,26.5,26.6,26.5,26.7,26.8,26.7,26.6,26.7,26.6,26.5,26.4,26.6,26.6,26.6,26.6,26.4,26.6,26.6,26.6,26.6,26.6,26.6,26.7,26.6,26.6,26.6,26.7,26.7,26.7,26.6,26.8,26.7,26.8,26.8,26.8,26.9,27.2,27.3,27.2,27.3,27.2,27.2,27.5,27.5,27.5,27.4,27.6,27.6,27.5,27.6,27.5,27.5,27.5,27.6,27.5,27.5,27.4,27.5,27.6,27.6,27.4,27.5,27.6,27.5,27.5,27.5,27.6,27.5,27.0,26.9,26.7,26.6,26.4,26.6,26.7,26.8,26.6,26.8,26.6,26.7,26.6,26.7,26.5,26.4,26.6,26.7,26.8,26.6,26.8,26.6,26.7,26.8,27.1,27.4,27.5,27.5,27.2,27.3,27.5,27.2,27.5,27.3,27.4,27.4,27.3,27.3,27.5,27.4,27.3,27.3,27.2,27.4,27.2,27.5,27.2,27.4,27.3,27.2,27.2,27.2,27.1,27.5,27.2,27.2,27.2,27.2,27.2,27.2,27.2,27.2,27.3,27.5,27.2,27.2,27.1,27.1,27.2,27.2,27.1,27.2,27.3,27.3,27.2,27.2,27.1,27.2,27.1,27.3,27.2,27.2,27.2,27.2,27.2,27.1,27.2,27.3,27.1,27.1,27.0,27.0,27.2,27.0,27.1,26.8,26.9,27.0,27.0,26.9,27.2,27.0,26.9,27.2,27.2,27.1,27.0,27.1,27.0,27.1,26.9,27.0,27.0,26.9,26.9,26.9,26.9,26.9,27.0,26.9,27.0,27.0,27.0
248,26.6,26.4,26.4,26.5,26.5,26.4,26.6,26.6,26.6,26.6,26.6,26.6,26.5,26.5,26.6,26.6,26.6,26.5,26.4,26.5,26.6,26.8,26.6,26.8,26.4,26.6,26.6,26.7,26.6,26.5,26.5,26.5,26.6,26.7,26.9,26.8,26.9,26.8,27.0,27.0,27.0,27.3,27.1,27.3,27.2,27.3,27.4,27.5,27.4,27.6,27.5,27.5,27.6,27.5,27.5,27.6,27.5,27.6,27.5,27.7,27.5,27.5,27.5,27.7,27.5,27.6,27.5,27.3,27.4,27.2,26.7,26.6,26.5,26.2,26.7,27.0,26.8,26.5,26.8,26.6,26.6,26.5,26.3,26.6,26.5,26.4,26.5,26.6,26.8,26.7,26.7,26.8,26.8,27.0,27.4,27.5,27.3,27.3,27.5,27.3,27.4,27.5,27.4,27.5,27.4,27.3,27.3,27.3,27.2,27.2,27.5,27.5,27.3,27.2,27.4,27.4,27.3,27.2,27.1,27.1,27.2,27.2,27.3,27.2,27.0,27.2,27.3,27.2,27.1,27.2,27.2,27.2,27.2,27.3,27.2,27.2,27.1,27.2,27.3,27.3,27.2,27.3,27.2,27.2,27.2,27.4,27.2,27.3,27.2,27.2,27.3,27.0,27.2,26.9,27.2,27.2,27.0,27.2,27.0,27.2,27.0,27.0,27.2,27.0,27.0,27.0,27.1,27.0,26.9,26.9,26.9,27.1,27.0,27.2,27.1,26.9,27.0,27.0,27.0,27.0,27.0,27.0,27.0,26.9,26.8,26.8,27.0,27.0,27.0,26.9,26.7,26.8
249,26.3,26.6,26.6,26.8,26.5,26.6,26.8,26.5,26.7,26.8,26.6,26.5,26.7,26.5,26.6,26.6,26.7,26.7,26.6,26.7,26.8,26.5,26.6,26.6,26.5,26.6,26.6,26.7,26.8,26.5,26.6,26.7,26.8,26.8,26.8,26.8,27.0,26.9,27.0,27.1,27.2,27.2,27.2,27.4,27.2,27.2,27.4,27.7,27.6,27.7,27.6,27.6,27.7,27.5,27.7,27.4,27.7,27.6,27.5,27.5,27.6,27.7,27.6,27.6,27.5,27.7,27.5,27.5,27.5,27.2,26.8,26.6,26.4,26.6,26.7,27.0,26.6,26.6,26.6,26.7,26.6,26.6,26.6,26.6,26.4,26.6,26.8,26.7,26.7,26.8,26.7,26.7,26.7,27.0,27.4,27.5,27.4,27.2,27.4,27.4,27.4,27.5,27.4,27.5,27.4,27.3,27.4,27.3,27.5,27.4,27.3,27.2,27.2,27.3,27.4,27.3,27.3,27.2,27.3,27.4,27.2,27.2,27.2,27.2,27.2,27.2,27.3,27.1,27.2,27.2,27.2,27.2,27.2,27.1,27.2,27.3,27.3,27.2,27.3,27.0,27.3,27.2,27.2,27.2,27.2,27.2,27.1,27.3,27.2,27.1,27.2,27.2,27.1,27.2,27.1,27.1,27.2,27.1,27.1,27.2,27.0,27.1,27.0,26.8,27.0,26.9,27.0,27.0,27.0,26.9,27.2,27.1,27.0,27.0,27.2,26.8,27.0,26.9,27.0,26.8,26.9,27.0,26.9,26.8,27.2,26.9,26.9,27.0,27.0,26.9,27.0,26.9
250,26.8,26.6,26.3,26.6,26.6,26.6,26.7,26.5,26.6,26.5,26.4,26.6,26.6,26.6,26.6,26.6,26.7,26.6,26.5,26.4,26.4,26.6,26.5,26.5,26.6,26.7,26.6,26.6,26.7,26.6,26.8,26.6,26.8,26.7,26.7,26.8,26.8,26.8,26.9,26.8,27.0,27.1,27.2,27.2,27.0,27.2,27.2,27.4,27.4,27.3,27.5,27.5,27.5,27.4,27.5,27.3,27.4,27.5,27.4,27.6,27.6,27.7,27.5,27.5,27.5,27.6,27.4,27.5,27.5,27.3,26.8,26.5,26.6,26.4,26.6,26.8,26.6,26.6,26.9,26.6,26.6,26.4,26.7,26.4,26.6,26.6,26.7,26.6,26.7,26.8,26.6,26.8,26.7,27.0,27.4,27.3,27.5,27.3,27.5,27.5,27.4,27.5,27.3,27.3,27.4,27.3,27.5,27.4,27.5,27.4,27.5,27.4,27.3,27.3,27.5,27.4,27.4,27.4,27.4,27.4,27.5,27.3,27.3,27.2,27.3,27.2,27.2,27.3,27.1,27.1,27.2,27.2,27.3,27.2,27.3,27.2,27.3,27.2,27.2,27.3,27.2,27.1,27.2,27.2,27.3,27.3,27.2,27.2,27.2,27.3,27.3,27.2,27.1,27.0,27.2,27.2,27.1,27.0,27.2,27.2,27.4,27.1,27.0,27.0,27.0,27.1,27.0,27.2,27.1,27.0,27.0,27.0,27.1,27.2,27.1,27.1,27.0,27.1,26.9,27.0,27.0,27.1,27.0,27.1,27.0,27.2,26.9,27.0,26.9,26.9,27.1,27.0
251,26.6,26.5,26.6,26.6,26.5,26.7,26.8,26.4,26.7,26.5,26.6,26.4,26.6,26.5,26.8,26.6,26.6,26.4,26.6,26.6,26.4,26.6,26.5,26.6,26.6,26.7,26.6,26.6,26.6,26.6,26.4,26.8,26.8,26.6,26.6,26.8,26.8,26.8,26.9,26.8,27.0,27.0,27.0,27.2,27.1,27.0,27.1,27.1,27.2,27.3,27.3,27.4,27.3,27.4,27.4,27.6,27.5,27.4,27.5,27.4,27.7,27.5,27.6,27.4,27.5,27.4,27.5,27.6,27.5,27.1,26.6,26.6,26.4,26.6,26.6,26.6,26.8,26.6,26.6,26.7,26.6,26.6,26.6,26.4,26.4,26.7,26.5,26.4,26.7,26.7,26.7,26.6,26.7,26.8,27.3,27.5,27.5,27.3,27.5,27.5,27.4,27.3,27.6,27.5,27.4,27.4,27.4,27.3,27.5,27.5,27.4,27.3,27.4,27.5,27.3,27.2,27.4,27.5,27.3,27.5,27.3,27.2,27.1,27.2,27.0,27.2,27.2,27.1,27.2,27.2,27.1,27.3,27.3,27.1,27.2,27.1,27.3,27.3,27.3,27.1,27.3,27.1,27.3,27.3,27.3,27.3,27.2,27.2,27.3,27.3,27.1,27.1,27.1,27.2,27.1,27.2,27.1,27.2,27.1,27.2,27.1,27.1,27.0,27.2,27.0,26.9,26.8,27.2,27.1,27.1,27.1,27.1,27.2,27.1,27.1,26.8,27.2,27.0,27.0,26.9,27.1,27.1,27.1,26.9,27.1,27.2,27.0,27.0,26.9,27.0,27.1,26.9
252,26.5,26.6,26.6,26.6,26.7,26.6,26.7,26.6,26.8,26.6,26.7,26.5,26.6,26.6,26.6,26.7,26.6,26.7,26.6,26.5,26.6,26.7,26.7,26.7,26.7,26.8,26.6,26.6,26.8,26.8,26.7,26.7,26.7,26.7,26.7,26.7,26.7,26.7,26.6,26.7,26.8,26.8,27.0,27.0,27.0,26.9,26.9,27.1,27.1,27.0,27.2,27.3,27.4,27.4,27.5,27.5,27.6,27.4,27.6,27.8,27.4,27.5,27.5,27.7,27.7,27.7,27.7,27.7,27.7,27.2,26.6,26.3,26.6,26.4,26.6,26.8,26.8,26.6,26.7,26.7,26.6,26.5,26.6,26.4,26.6,26.6,26.6,26.6,26.8,26.7,26.7,26.6,26.8,26.9,27.3,27.4,27.4,27.5,27.6,27.4,27.5,27.4,27.3,27.5,27.4,27.4,27.4,27.5,27.4,27.5,27.5,27.2,27.4,27.4,27.2,27.5,27.5,27.3,27.2,27.4,27.2,27.3,27.4,27.3,27.2,27.3,27.2,27.1,27.2,27.1,27.2,27.3,27.3,27.2,27.4,27.1,27.2,27.4,27.4,27.2,27.2,27.3,27.3,27.1,27.3,27.1,27.3,27.3,27.4,27.2,27.3,27.2,27.3,27.3,27.2,27.2,27.0,27.0,27.2,27.1,27.2,27.1,27.0,27.0,27.0,27.1,27.1,27.0,27.0,26.7,27.0,27.0,27.1,26.8,27.1,27.1,27.0,27.1,27.0,27.0,27.1,27.0,27.0,27.0,27.0,27.0,27.1,27.0,26.8,26.9,27.0,26.9
253,26.5,26.4,26.5,26.6,26.6,26.4,26.6,26.4,26.6,26.7,26.8,26.6,26.5,26.8,26.6,26.6,26.6,26.7,26.6,26.4,26.8,26.5,26.8,26.6,26.8,26.7,26.8,26.7,26.6,26.6,26.7,26.4,26.7,26.6,26.6,26.6,26.7,26.9,26.8,26.8,26.6,26.8,26.8,27.0,26.9,27.0,26.9,26.9,26.9,27.0,27.0,27.0,27.3,27.3,27.3,27.5,27.7,27.8,27.6,27.7,27.6,27.5,27.5,27.6,27.6,27.7,27.5,27.5,27.5,27.0,26.7,26.3,26.4,26.5,26.6,26.8,26.7,26.8,26.7,26.6,26.7,26.7,26.6,26.6,26.7,26.4,26.7,26.7,26.9,26.8,26.7,26.7,26.7,26.8,27.2,27.5,27.4,27.4,27.4,27.4,27.5,27.6,27.5,27.4,27.2,27.4,27.3,27.5,27.3,27.3,27.5,27.5,27.3,27.5,27.3,27.5,27.5,27.4,27.3,27.4,27.3,27.2,27.2,27.2,27.2,27.2,27.4,27.1,27.3,27.1,27.1,27.2,27.4,27.2,27.4,27.2,27.4,27.3,27.2,27.2,27.2,27.2,27.2,27.2,27.3,27.4,27.2,27.2,27.4,27.2,27.2,27.3,27.2,27.2,27.0,27.2,27.1,27.3,27.1,27.1,27.2,27.1,27.0,27.0,26.8,27.0,27.0,27.0,27.0,27.1,27.0,27.0,27.1,27.0,27.0,27.2,27.0,27.0,27.1,26.9,27.0,27.1,27.0,26.9,26.9,26.9,27.1,27.0,26.8,26.9,27.0,26.9
254,26.4,26.6,26.6,26.6,26.5,26.6,26.6,26.4,26.7,26.5,26.6,26.2,26.6,26.5,26.5,26.7,26.5,26.4,26.6,26.5,26.6,26.6,26.6,26.7,26.5,26.5,26.7,26.6,26.5,26.7,26.5,26.6,26.6,26.6,26.8,26.6,26.6,26.7,26.7,26.6,26.6,26.9,26.7,26.8,26.7,27.0,26.7,26.9,26.8,27.0,26.9,26.9,27.2,27.0,27.1,27.3,27.4,27.6,27.7,27.8,27.7,27.7,27.6,27.6,27.5,27.6,27.7,27.6,27.4,26.8,26.7,26.4,26.4,26.4,26.5,26.6,26.9,26.7,26.6,26.5,26.7,26.7,26.7,26.6,26.6,26.6,26.6,26.6,26.5,26.7,26.8,26.7,26.7,27.0,27.2,27.5,27.4,27.3,27.4,27.4,27.5,27.4,27.5,27.4,27.4,27.4,27.4,27.5,27.5,27.5,27.3,27.4,27.5,27.4,27.4,27.2,27.4,27.3,27.3,27.4,27.2,27.3,27.4,27.3,27.3,27.3,27.2,27.2,27.2,27.2,27.3,27.3,27.3,27.2,27.2,27.2,27.4,27.4,27.3,27.3,27.4,27.2,27.3,27.2,27.5,27.2,27.2,27.1,27.4,27.2,26.9,27.3,27.1,27.2,27.1,27.2,27.2,27.1,27.1,26.9,27.1,27.1,27.0,27.0,27.0,27.2,27.1,27.0,27.0,27.3,26.9,27.1,27.3,27.3,27.0,27.2,27.0,27.1,27.0,27.1,26.9,27.1,27.0,27.0,27.0,27.1,27.1,27.0,26.8,26.9,27.1,26.9
255,26.5,26.3,26.4,26.4,26.7,26.5,26.6,26.5,26.7,26.6,26.6,26.3,26.5,26.6,26.6,26.6,26.7,26.5,26.6,26.6,26.4,26.6,26.6,26.5,26.5,26.6,26.6,26.6,26.6,26.4,26.5,26.6,26.5,26.3,26.6,26.5,26.7,26.3,26.6,26.7,26.6,26.6,26.6,26.8,26.8,26.8,26.6,26.9,26.8,26.8,26.8,26.8,27.0,26.9,27.0,27.1,27.1,27.3,27.3,27.8,27.7,27.5,27.7,27.9,27.7,27.7,27.7,27.5,27.2,26.6,26.4,26.4,26.4,26.4,26.8,26.7,26.7,26.6,26.5,26.5,26.7,26.6,26.9,26.6,26.8,26.6,26.6,26.6,26.7,26.7,26.7,26.7,26.8,26.8,27.2,27.5,27.5,27.4,27.5,27.4,27.2,27.5,27.4,27.4,27.5,27.5,27.3,27.6,27.4,27.4,27.3,27.4,27.3,27.4,27.5,27.5,27.4,27.4,27.3,27.2,27.3,27.3,27.2,27.3,27.3,27.2,27.3,27.1,27.1,27.2,27.2,27.2,27.3,27.2,27.2,27.4,27.3,27.2,27.2,27.3,27.2,27.0,27.0,27.2,27.4,27.1,27.2,27.1,27.2,27.1,27.1,27.2,27.2,27.2,27.1,27.1,27.1,27.1,27.1,27.2,27.1,27.0,27.0,27.0,27.0,27.2,27.2,27.1,27.1,27.2,27.0,27.0,27.1,27.1,27.1,27.0,27.0,26.9,27.3,27.0,27.1,26.9,27.1,27.0,27.0,27.1,26.8,27.0,26.9,26.9,26.9,27.0
,,,,,,,,,,,,,,,,,,,,,,,,,,,,,,,,,,,,,,,,,,,,,,,,,,,,,,,,,,,,,,,,,,,,,,,,,,,,,,,,,,,,,,,,,,,,,,,,
